1.952002	0.05443025
2.2756908	-1.0993191
1.194241	1.0550362
2.3341122	-0.95645416
1.2686785	-2.4145489
1.4169106	-2.161595
1.4715215	-0.5446952
2.094529	0.5276188
1.0216258	-2.2945988
1.1540452	2.9393015
2.1565459	-1.2563782
1.5999516	-0.6614981
1.4633648	-0.3050225
1.3650229	-1.4871469
1.5320166	1.8710777
2.3553238	-2.0048265
2.1081834	2.1073813
2.8571312	0.80332357
1.3507395	-0.30109254
1.3853313	-0.5481935
1.8846828	-2.8964272
2.2826807	1.8808851
1.0454288	1.1784871
0.52641577	1.0352148
2.226936	2.5812883
1.1332724	3.0002007
2.190507	-2.1565692
0.377429	-2.957581
2.6988833	2.3288774
2.077922	0.24298844
0.78879	2.0436652
1.4137527	-0.9223909
0.84832627	1.5463421
2.3420687	2.130724
2.5626247	-0.66914463
2.2823584	-1.4221826
2.0797822	2.554861
2.967322	-2.3821094
0.30646667	-1.4178327
0.97055197	-1.3031738
0.8214095	-2.3729177
1.0511453	1.0880878
2.3490322	3.0651069
2.6428041	2.8490393
0.80428755	0.47678208
1.2513704	1.9351044
1.6899284	2.0528936
2.5803347	1.3145562
1.0943432	2.9084225
0.28368112	-0.7298277
2.1126192	1.8123311
0.8952194	0.25104073
2.364596	-0.9583226
1.0347842	-2.3012636
2.6136777	-1.0295306
1.4345176	-1.9036173
2.4005435	2.8959692
1.46692	-2.909229
1.0876949	-0.90695006
1.311655	-2.9984367
1.8846276	-2.9135036
1.1248183	-0.25073692
1.2881848	-1.452512
1.4734895	2.5206647
1.6585907	1.6466786
2.8112633	2.556226
2.1395104	-3.0398984
2.308406	-1.9573803
1.0259537	-2.9451003
1.4955497	2.999973
1.2011602	-0.6701727
0.4560916	-2.1685033
2.684234	1.0987585
1.3302658	-1.0649241
1.2293699	2.2714036
1.0779985	1.9786259
2.4494257	2.6299446
1.1290066	-0.93587923
2.098287	0.07696388
1.2368692	0.3148672
2.6070144	-0.32440925
1.3263805	-0.096825264
1.6565399	-0.5660583
1.5773624	1.0505663
1.0428337	1.3050616
2.9324195	-0.7340065
1.7147946	-0.65742594
1.6538088	0.78212774
0.59308726	-1.1752529
0.20741002	2.4027867
1.8305794	-0.93569565
2.2678494	-0.14121088
1.3712975	-0.42581892
0.95523816	2.4925277
1.7442644	-1.4905558
2.176028	-0.975509
0.42344153	-0.23311429
1.1025057	1.6392418
1.2291754	-2.7463615
0.801378	0.8632725
0.95775414	-1.9656546
1.2337484	2.8197947
0.8919724	1.3717085
2.6839352	-1.2806157
0.77974284	-1.8951944
1.7233939	-0.24222697
2.7257743	-0.38170433
0.64753866	-0.14967088
2.6020858	-0.32008797
1.5281886	-1.141847
2.1337495	-0.6964763
0.80743796	1.1050854
2.7856593	-1.4921038
1.2838771	2.5755434
1.3251796	-2.5256352
1.9505712	-2.10698
0.8691133	0.33722338
1.0874997	2.0019877
1.980206	2.4511633
1.7854252	-1.137817
1.7299516	-2.4573267
0.77269363	-0.3687425
1.1281679	-2.7335331
1.8938557	2.099565
1.7413982	2.979375
1.3225186	-1.527915
2.3756866	2.2058601
0.7416743	2.8739467
2.2518115	2.5657651
1.7314364	-0.28810754
0.94052744	1.8808028
0.31616536	-0.37510177
2.890046	-2.8520927
0.5370578	1.6782542
1.5414721	2.8045917
0.56743294	0.4793333
0.73151094	-1.9268606
1.4184374	2.966552
1.6295395	2.647937
2.8127615	2.7720525
2.4524148	-0.6418026
1.2519637	-0.8208109
1.283861	2.8045902
2.316344	-3.1322913
2.1150978	-0.845437
1.548805	-1.496361
1.6049129	-1.3550674
0.7954157	-2.491147
2.1213667	-0.8480071
1.1600229	0.26448724
1.4291083	-2.4276397
1.1262864	-1.2390064
0.6762939	-2.7442477
1.6973364	2.3265595
2.76888	1.9429239
1.8509903	-0.43847236
1.361936	2.0407553
0.8304051	-0.5478538
2.9617372	2.0657015
2.0242326	1.6759093
2.4898648	-0.61308014
0.7232083	0.38559058
2.814742	-1.5719066
1.91033	-2.0460975
0.7899128	-2.5135543
1.7537452	-1.8437825
2.5764341	-0.52985424
2.0225127	-2.0274754
0.55908304	-1.827036
1.4472868	-1.3307145
1.3576163	-2.0169334
2.5729117	-1.0016016
1.6289437	-1.5906451
2.5988398	1.918331
1.6258397	-2.655353
1.2172459	2.9050004
1.937326	-2.432171
2.5270083	2.292772
2.2649527	-0.4952806
2.0554075	0.23942585
1.2048755	-1.5129031
2.9633963	0.30588314
1.2475218	0.81764126
0.88178617	0.43755987
2.4165232	-1.6531765
1.406493	-2.798221
1.3776851	-3.0990734
1.397982	0.8996066
0.9401831	-1.5032474
2.9477067	3.0047805
1.0849804	-2.0627732
2.367779	2.1181865
2.0871243	0.49584994
1.2720215	-2.1146224
2.343264	-1.7101144
1.7791402	-2.929435
2.0768895	2.7287757
1.6049916	0.048535798
1.2823718	-2.6070747
0.7961576	-1.6586001
1.4227228	1.8248298
1.159179	-1.6432749
0.8996613	2.3488305
1.4156526	3.0526407
1.0807362	-2.0097268
1.4496894	1.5203968
0.52505916	0.08024644
2.666363	-0.738429
1.1965774	2.2001438
1.3054931	-0.74321336
2.6364937	0.5572516
0.6571791	-1.8472689
0.7537809	-0.14196314
0.88947195	1.0845299
1.2600276	3.0271714
1.625204	-0.67062116
1.730971	-0.33724684
2.5801375	-2.6191914
0.9390954	0.39332622
1.9751139	-3.0305145
2.5273776	0.37670258
1.6934851	0.1618204
0.64534855	0.9892237
1.0345544	2.4495685
1.3010962	2.795679
1.5127693	1.1464635
0.9263275	1.223804
2.5467868	1.8822464
2.0775535	1.9929515
1.2135901	0.64122605
1.7999283	0.18346909
0.08616159	2.8226213
1.8397204	2.2410934
0.27125293	-0.93503076
0.4838856	2.17222
2.5617936	2.3652465
1.1509937	-1.5528879
1.9931884	-1.9489938
1.1312956	-3.0695825
0.46314505	-2.1647942
2.18672	-1.734182
1.9190514	-0.055685077
2.7733784	-2.2626605
0.6214197	-2.2748928
2.448134	-3.0296574
1.0188886	0.6437614
2.043099	0.63652444
0.53256726	0.1698346
1.923314	-2.2682216
1.3196772	0.58650345
1.2692915	-1.4158621
1.234858	-0.78623617
1.6887891	0.954696
2.2103367	0.68159294
2.2107415	2.869676
1.1544108	-1.1090065
0.73612314	-2.1069717
1.4487289	1.1270642
1.2396363	-0.34101465
0.8997047	-0.9317954
2.2292051	0.71042156
2.4102862	0.20606647
1.8190082	-0.6690684
2.052665	-2.4153812
2.024246	-2.3827643
1.6844096	-1.3072416
1.8221705	-2.0888948
1.9841789	-0.57896173
1.0730679	-0.45755255
2.2354772	-2.729507
2.549004	-1.9590441
1.6484673	-3.0297887
2.1288447	1.9934053
1.4919914	1.037115
2.7284634	1.0054145
1.2918075	1.4846289
0.4886247	-0.713697
1.7411822	-2.9698
2.3242118	-1.4283334
0.16589169	0.43876758
1.061968	-2.1905408
2.1085467	0.57115585
2.6594992	-0.8062933
2.2375174	0.018668396
1.9867826	0.08327441
0.8405367	-0.7799482
2.5830002	0.33555824
1.5846438	1.2442108
1.1628523	1.1289114
1.2173798	-1.0639623
2.4826643	-2.2404993
1.3314307	2.261194
0.73883957	3.1000316
0.93439955	-1.4719197
1.7535851	0.27808297
1.7133768	-0.40714583
1.055869	0.3070961
0.46528628	3.1140654
1.77246	0.9631326
1.8532038	1.4222921
1.2110248	-1.8663546
1.5527253	0.264879
1.2286245	2.7784564
0.016050445	-0.42053285
2.3626766	1.6750824
1.2212689	-0.8463243
0.9500948	-1.3640658
1.3784652	2.6615415
2.4863305	0.37891766
1.4554564	-2.355177
1.4277184	-1.2725364
0.8295732	-0.36279026
1.512397	0.14238524
0.83193177	0.03817789
0.8827766	0.84476364
2.0154316	2.3480773
1.4579735	-0.78448075
0.9911294	1.7267723
0.8458015	1.7479887
2.8120205	0.27894908
2.0773687	-2.2632048
1.0740385	-1.1714953
0.8002033	2.5662785
2.7368503	-2.232162
1.2540139	2.5534568
1.481378	-0.95496434
1.9717197	-2.3600514
1.4194168	-1.2978576
1.9095981	-0.3696384
1.7419127	-0.77964777
2.596876	0.6741267
1.527115	3.0023122
1.7128165	-0.5360677
1.7555442	1.5039781
0.36020976	1.510171
1.189841	0.6950792
1.0643573	-2.8447998
1.8484526	-2.6295023
0.48645034	-1.287335
2.5746164	-2.3066778
1.3615028	-2.9684858
2.8766553	-2.47835
2.6558077	0.36456487
1.736211	-1.6097817
0.7663086	0.76487017
2.4979465	-0.2678701
0.38290063	1.5746086
0.46595764	1.3768716
1.5916746	-2.5437639
1.9903237	-0.4932825
1.879575	-2.9154582
1.7213609	-1.6688117
1.5793802	-2.0570536
2.342706	2.0641294
1.7810092	-2.9876778
1.6562501	1.3792223
1.590076	0.97520417
2.3429723	0.6440829
2.5639236	1.3914846
2.2873147	-3.0947037
2.8957937	2.0902061
1.3580754	3.114635
2.9080524	-1.0249225
0.71220875	0.7596502
2.0316987	0.41640246
0.9990605	0.7872797
2.2634854	2.3641443
2.108364	-1.7098646
1.576351	1.0546718
1.7152734	-2.3943636
2.0369122	0.45593825
0.9640374	0.103889085
0.78124493	1.69743
1.4893351	1.4186145
0.064043775	2.1212926
1.3449017	2.3032036
0.043189343	-3.092772
2.2956693	-1.389491
0.69234747	-0.5538045
3.0822282	0.51551646
1.7938794	2.8890188
1.1395801	0.113854036
2.093811	0.6735766
1.8507751	2.150221
1.124899	-1.3093317
0.6652213	-1.1423609
1.6458708	-1.4532901
2.1910396	1.6203356
0.99719375	-0.061148316
0.015172263	0.17632581
2.2666628	1.7881826
1.608016	-2.645496
0.15939367	2.2415483
1.6994245	1.5899563
0.5284055	-2.3151288
2.0091503	-0.079984896
1.5097347	-2.843033
2.0836856	-1.9016817
1.5432123	1.9328982
1.5437424	-1.7489922
1.9772886	-1.630311
1.9570273	-1.4042766
1.0332263	-0.14717801
1.7498592	1.4623327
1.2380954	-1.3407831
0.51776224	-2.869863
2.5401356	2.4250727
2.100274	0.3929176
2.0405202	-1.2789735
1.5171342	2.0319343
1.3572996	1.2375194
2.0553184	1.8066176
1.3766522	2.3214886
0.87925965	-1.337598
2.0390809	-1.6897761
1.3058046	0.30109975
1.3086936	-0.71279263
0.45286652	0.3471398
0.8104992	-1.7114269
2.2546816	-0.3477574
2.5401115	-0.7243774
1.2509997	-0.2832819
1.9793868	-0.73018515
1.8398644	-0.07889591
1.1792353	0.8219977
1.2446817	-0.97727066
1.4440714	-1.0330962
1.6554161	1.8426677
1.8826759	0.69647497
0.9058822	3.1007516
1.7366086	-2.6860647
2.5013726	-0.9603355
1.0527432	2.4915988
2.866146	2.0068717
0.92144966	0.0023381524
1.5684249	-0.5913004
1.0678772	-2.7616904
2.5987074	-1.1453588
0.50696415	2.7307942
1.336033	1.6915047
0.48348904	1.2002954
2.285491	-2.1253905
1.3456925	0.9144091
0.897354	1.2807635
2.0915055	-1.2291825
2.032402	-1.8434688
1.0369949	0.5749079
1.4623576	-3.0753396
0.83755326	0.49745765
2.0506756	3.0358205
1.6686583	3.0142796
2.0084884	-2.8765657
0.5351788	-2.2785373
2.253742	0.50278425
1.8291774	-0.009346822
0.8906667	0.3417546
0.24575877	1.171332
1.2859106	1.30109
2.26984	1.3312616
2.088648	3.010799
2.068442	-0.6542503
2.4417229	-2.235307
1.5290805	-0.3629521
2.2517617	1.0127316
2.3705232	-1.3306324
2.5885122	-2.3006504
0.7134697	-0.92195404
0.96445507	0.70855796
1.4389365	0.60600007
2.134605	-2.6549478
0.69074446	-0.4489173
1.098072	1.0257465
1.4076236	-2.7519276
0.6966112	1.4888073
0.49411556	-2.1188023
1.9123092	-0.72655433
1.2350173	0.6027131
1.015716	-0.8209469
0.54761994	-1.5313445
0.4373994	2.9445772
0.6438222	1.1017869
1.3037612	-1.3741165
0.9586773	-0.53429246
2.5802033	1.9450696
0.8277348	1.679509
1.8588487	-0.2930537
2.9763854	-2.6872737
0.5761045	1.9406136
0.36359796	1.915754
1.930076	2.8182611
1.3193829	0.056619234
1.4223665	-0.82634103
1.3109878	-1.8718737
0.1960626	2.9584556
2.2443001	-1.5724406
1.0766305	-0.24879569
1.3342041	0.83195007
0.8927868	1.9965588
2.6901748	2.831663
1.6539263	-2.9089425
1.410665	-0.89825726
1.6629801	1.6414255
1.8865674	-0.17630853
0.42841485	1.6621485
1.0774859	2.767083
1.0033219	0.7521205
1.8185313	1.2048912
2.4654644	-2.69438
0.8226641	2.8870595
1.7266926	-0.3558121
0.97817975	0.5479244
2.8122303	-2.310773
0.59017915	0.8065135
0.78451127	1.0542841
2.223739	2.518957
2.438636	-1.634241
2.190156	1.3646424
0.863464	0.9085313
1.7464367	1.9185476
1.5298251	-3.0376773
2.443428	2.5581129
1.134147	-0.5188091
2.4071553	-1.6752232
2.3758638	0.5481124
1.2073469	0.1329275
1.8974292	-1.8499416
0.8109068	-0.41800305
1.4394069	-2.049944
0.86937755	-1.4329932
1.6403853	-1.8933587
1.5793408	0.18994848
2.6616898	0.756637
0.89310634	-0.048784446
0.79967463	-1.9059572
2.620106	2.6518252
1.3540848	-0.012372763
1.0607325	0.62712216
1.8230438	1.8981032
2.6471908	0.32091692
1.2079827	-1.2404587
1.263989	-2.6863034
1.9714075	-1.8264899
1.6125402	-2.5886052
1.1509306	0.41391355
1.0453267	2.9842584
1.8993531	1.214599
1.1325455	-2.137332
2.2036574	1.0037816
0.9146784	0.71874577
1.4977864	-2.2098832
0.93192405	-2.781201
2.6835136	-1.706896
0.23058502	-2.736132
1.8450884	1.8551307
1.8802181	-1.1760647
0.951365	-1.0362054
1.778157	2.4156523
1.4325879	1.47654
1.5279101	2.148311
1.0174589	-2.9533255
1.50775	-0.8304443
0.88304526	1.7488468
1.143913	3.10979
1.5474416	3.035003
1.5677689	3.0138211
1.979818	1.9952974
2.6430476	0.42357087
0.39858	-0.9001181
2.0367048	1.9882529
0.84685636	-1.600531
1.749994	-1.7828124
1.8432305	-2.5006654
1.6161841	-2.9828248
2.216584	-2.5897157
2.407562	0.45057082
2.9150577	1.7622015
2.758308	-2.8071113
1.0171769	2.3731296
0.5858868	-1.292461
1.434716	2.673807
2.6825614	-0.016442742
1.4689655	-2.2326684
2.2632165	3.0998654
2.7793205	-0.28019366
1.5901085	-2.170329
2.384784	-2.2090206
1.7026767	-1.5586979
2.1854017	-2.2873566
2.5864425	-3.0796924
0.5714036	-0.66400915
2.615756	-1.964179
2.723398	-0.6354448
1.1424868	0.18312557
0.8648259	-0.62457454
0.4848038	0.83097875
0.5966305	0.26298937
0.90834236	-0.44584873
1.7161905	-0.71977615
1.4098209	2.081508
1.4222164	-1.9419951
1.719008	-2.7354147
0.43072116	-0.30283841
1.298607	-1.8503422
2.100176	-2.1029322
1.3767867	1.8487716
2.1214676	-0.29840234
2.0347688	1.5195808
2.2427554	-0.9318127
2.9532208	2.8096116
1.5150157	-0.9873059
1.6475909	-0.57946694
1.8408183	2.5609038
1.7669551	-3.0509179
0.6265992	-3.120711
0.91196173	1.8028629
1.9167813	0.153232
2.0033846	-1.4732316
2.7061334	-1.3948574
1.3663707	-0.4854523
1.0866091	1.3521414
1.9715694	-3.119787
1.7416514	-0.18585578
1.7289801	2.7481399
1.6637805	2.5253353
2.086594	-0.96298087
1.6085988	2.4645536
1.8849418	2.263496
1.7762774	-2.266764
2.0716052	2.3528342
1.6305017	0.809165
0.300898	-0.945938
1.312694	-2.0838435
1.6354878	1.8574679
1.3724867	-2.0707006
2.0532959	-2.262067
0.9020804	-0.36905926
1.5230633	-0.7195292
1.8087398	-0.37994292
0.99949086	-0.0015201676
2.5864806	-1.3264797
1.5385941	-0.8053553
0.108281285	-0.79238683
1.3466438	1.0768121
2.360861	-0.63876015
2.8659964	-0.34676513
1.2771837	2.9783256
0.76757604	1.1768571
1.031936	-3.0391889
0.9310778	-0.049512513
2.3323748	-1.502897
2.5242295	-0.24278003
1.0959864	-3.0460315
1.0149893	-1.9619546
1.1385186	1.7585082
0.97634506	2.0844162
1.1924618	-2.2377474
0.78319365	-1.3872551
1.9947278	-0.99437124
0.6382512	-2.2087731
1.7111917	0.869938
2.842226	2.3895125
0.69968104	1.6011866
1.1730224	-1.2535454
0.95691836	-1.3972716
2.2554014	1.7721657
1.9414344	-1.1248076
1.07784	-1.5754113
1.7880044	-1.0163919
0.25652912	1.3891788
0.72988796	-1.8682957
0.8324617	1.1799414
0.7694792	0.1212486
2.2400286	1.9625154
2.791511	-2.5524487
0.7546827	-1.6439188
2.8184266	-3.018177
0.9536183	2.8154917
1.7330105	0.16974726
1.1152229	1.6606581
2.1808503	-1.9662397
1.022345	0.7636127
1.829354	0.33471787
1.291149	-1.6964762
2.5105228	0.5933652
1.5169721	-2.7605803
1.7598014	0.90093774
0.9888181	-1.1125587
0.8898232	1.0607586
2.7790678	0.90022135
1.1626914	0.7223166
1.3312453	-1.8237494
0.9336654	3.1312938
2.9914901	1.7999197
1.0980794	2.2657983
1.3692133	-1.2925091
1.1281321	1.4586697
0.3439723	-1.0700358
2.3775556	-2.8921247
0.43195435	-1.5138569
0.27880278	3.0252593
1.1133142	-2.2440274
0.84736544	-0.5470676
1.1195076	2.7925649
1.184915	-0.9422865
0.91329455	0.85355777
0.82658845	3.1269643
1.693784	-2.547201
2.6545122	-3.0344498
1.5406224	1.700716
1.6304257	2.9622207
1.7411778	1.7955765
1.6727525	0.74112976
1.0033351	1.3583089
1.5322754	2.2647777
1.394246	-0.1321935
2.5077417	0.47681648
1.9453667	-1.0919818
0.77367014	-2.3887725
2.680423	1.5841023
2.45838	1.4517462
1.9598558	-1.4279617
1.7023544	0.9187311
0.46756908	1.0935637
1.5041687	2.4151714
2.3283377	1.1911812
1.7602972	-1.1905643
1.9032267	1.4156513
0.9527921	1.8989058
1.4468769	-0.42406598
1.9120032	2.7355127
0.47259685	-1.6218177
1.057971	2.5035968
0.4654935	-2.6494172
0.60490876	0.034523837
0.40549248	3.1406214
1.0376109	1.7696455
0.87264824	-3.010117
0.66476387	-2.564596
0.5434543	0.930116
2.9032805	-1.4060887
1.2715899	-1.0367974
0.7379263	1.3449172
2.092215	-1.137538
2.6993098	1.8655077
0.52033675	0.8924124
1.1012489	1.8157647
1.5764979	-1.2752091
1.4039476	-1.6958717
0.40486905	-2.1262157
0.5905142	-1.5423627
0.7805452	-0.12122195
0.72000617	-2.649566
0.7647432	-1.9989834
2.0623715	-2.7689838
2.1389525	2.0834975
1.5075793	2.9376535
0.3138064	-2.7737298
0.44640505	-1.2564592
2.7503612	-1.4210281
1.6427529	-2.6244175
0.14558102	-2.7249393
0.6713294	0.007862181
0.60451233	0.1835442
2.7754931	0.372059
1.2490284	-0.7705572
1.4639204	1.9048501
0.16654986	-3.1172912
1.9706918	2.9030852
2.4599843	-2.2200527
2.7805455	1.5313815
1.521167	0.45953116
1.3201915	-2.3916838
0.9796256	1.8521011
1.0378115	-2.3248603
2.2512631	0.71056217
2.23366	0.023314545
2.5197403	2.6730306
0.8306687	-1.8752621
1.9274298	-2.6841483
0.7274502	-0.08796851
1.6488059	-0.9470801
1.4043236	0.31577745
1.8173801	2.5620754
1.4932895	1.2652582
1.3296661	-2.4135737
1.4832418	-2.2865846
1.9578685	0.8738819
1.1336104	-1.4057803
0.7832086	-2.695735
0.80304664	-1.4047265
0.6678893	-0.65315014
2.014542	-0.93321204
0.9525552	0.43238312
2.232437	1.353951
2.461612	2.24407
1.7156316	-2.6845708
1.4249083	-0.78884137
0.88419795	-0.27488035
1.8259773	-0.9434349
1.4457846	1.8825542
1.6846303	-1.8523576
1.2154067	-0.8612658
0.9871235	2.6087148
2.3120208	-1.7405429
0.3981115	-3.0348446
0.68834084	-0.8937792
1.5255694	-0.9565156
2.2180784	-2.9850647
0.32522467	-0.5108517
0.541723	1.2885406
1.7568064	0.22628471
2.5582814	1.8015288
2.6017632	0.013530942
1.4053093	0.62690765
1.200886	-0.9081822
0.66033494	3.0878136
2.0552633	-2.8483212
1.8300105	0.5838852
1.807707	0.74635184
0.89195216	-1.9755876
2.3350444	-0.78571266
1.6567457	1.2804568
1.0404818	2.1281092
2.5687988	2.6455855
2.3696187	2.6605754
2.374754	2.2130861
2.1566076	-2.2301157
1.8126293	-2.0614433
1.0596315	1.4450954
1.8812269	1.1779109
1.9417971	1.2827525
1.2439114	1.358194
1.5802445	-0.83483636
1.8081148	3.00603
0.10649395	0.8051784
1.8757273	-1.0307976
1.5421262	0.28833988
1.0781462	2.2738738
1.830164	-0.31463954
2.8204505	-1.7673393
2.5246394	-0.26113382
0.07701124	0.28923118
2.2080154	-1.9445649
2.4330058	-1.9800634
1.5738047	-1.6811609
0.896012	-0.7967103
0.22122064	-1.3098125
2.0173583	0.010166315
1.0456669	-1.6240364
1.6859626	1.6240795
0.6734125	-2.3567426
1.8336828	2.7767224
1.7118472	0.09161935
1.8569374	-0.4704764
1.4190829	1.2918842
0.8067816	-0.8657781
2.8621547	2.1098406
0.816919	-3.0662043
1.0686686	-1.7983347
0.63863343	2.7167842
1.4168057	0.01886751
2.048761	1.1740834
1.268348	0.81746334
1.2727805	2.4549174
1.4953924	2.4251513
2.0353174	1.2465165
1.1242028	-0.42504165
0.14598723	1.476152
2.0656574	2.1846025
2.4619913	-1.0725136
2.8678403	3.0835812
2.383328	-2.9430578
1.0685328	-0.11445203
1.8461205	-0.55954313
3.0543435	-0.99993896
0.6578173	0.16325799
1.1985967	1.6735152
2.0010955	-1.3911878
0.99086887	-2.8128705
1.2256176	2.3424253
1.612045	1.4504129
2.3669798	-2.1529121
1.97369	-1.1233622
1.8686464	-0.68863213
1.7898098	-2.4561877
1.0091805	-1.312857
0.28834024	1.8890035
0.43423328	1.7231203
1.6899416	1.4083774
0.83685523	-2.6236022
2.0340714	0.3130212
1.1939466	-0.8218445
1.8754741	-0.8209336
0.9908367	0.9491562
2.1391633	1.484028
1.1033344	2.9860473
2.5872784	0.62371075
0.7930576	2.6939085
0.38314146	1.4457675
2.8266666	-2.8335423
1.8242568	-1.2533771
1.7626017	-1.5387809
1.4774857	1.6347212
0.8762469	1.3435779
1.7296715	-1.6838
2.5739098	-1.0152092
2.2363465	-2.0146172
1.0870736	1.3509954
0.59759784	-2.2942092
2.428661	-1.1197028
0.67317975	-2.4501941
3.0258658	0.0860975
1.0162537	1.4032005
1.3553046	-1.7266935
2.5018542	-1.9968371
1.1896918	-0.25346294
1.7565345	-2.4449759
1.668217	-1.2663696
2.192482	-0.66263777
2.53472	-0.2369983
1.0151061	-2.6908667
2.2917624	2.66331
0.067948245	2.1475103
0.7104303	1.4119432
0.7492618	-2.672112
1.8016998	0.5460016
2.9402528	-1.6704985
1.8595285	-1.3289248
1.0437013	2.997945
1.1974146	-0.2583292
0.24576539	1.593182
2.4460056	2.3830507
1.1792942	-1.4280494
1.6270579	-3.0647538
1.077659	2.9377425
0.92769843	-0.30628172
0.4541663	-2.9411936
1.7783933	-0.117493555
0.65345806	-2.1561184
1.659179	-1.2511395
2.09904	0.28246066
0.70831984	-1.2872295
1.8329061	1.8839551
2.5561318	2.9410954
2.0695872	0.4290262
1.0006646	-3.1253266
1.4552824	0.090295784
2.7905223	-0.54144377
0.56141907	-1.797559
2.2800136	1.0490223
0.77637553	-0.393093
1.125805	2.5573308
1.6170746	2.3767219
1.8943882	1.4083914
0.32314387	-3.1375947
1.163998	2.0951974
1.7334242	-0.8387293
0.8898513	1.9065555
0.35235158	2.5445893
1.5562197	-1.0326676
2.4117339	2.882382
0.89493173	-0.5291404
1.7521667	2.8878367
1.3190507	2.4421453
1.2557014	3.04939
1.2308447	0.25035802
0.26641828	1.4115988
1.8825756	-1.7288685
2.0685315	1.7733241
1.5499916	1.5845535
2.7536519	-2.9183292
2.0232801	-1.594778
1.9906287	1.174832
1.8815829	1.8767512
1.0645809	-2.6754665
1.906355	0.85642034
2.1596262	-2.572426
1.5541931	2.4058838
1.5531194	-1.2180147
1.0007913	1.9105797
1.2443017	-1.7237202
2.1806922	-2.4330633
2.3430502	1.3914216
0.3979237	-0.9645835
0.7377897	-3.0673187
1.3930161	-1.7466843
2.7058916	1.326208
1.9306605	-0.20764637
0.9218712	3.0955203
1.5868144	-0.67201936
1.6355684	-0.9544847
1.54199	-0.08642621
0.52341473	-1.2178622
1.8573828	-1.2955183
1.1478581	-1.0399756
1.4611958	0.99349916
1.074216	-0.15444453
2.3921862	-1.1578212
0.95550597	-0.17274915
1.30326	-1.1956246
1.8602988	-2.7879407
1.2765145	2.7692769
1.4008923	2.711518
1.1707015	-0.8529171
0.9678728	3.0888724
1.3885455	0.1181773
2.2374396	2.9063687
1.7953551	2.0555482
2.468967	1.2596067
2.6234944	2.206361
2.0952847	-2.307949
1.5157675	1.7124288
1.33896	2.8803608
1.3531458	-1.1632403
2.3057928	3.093521
2.0248575	1.5079408
2.2750785	-2.009399
1.9995406	-1.1441011
0.45613018	-3.1227114
0.94564706	-1.6027805
0.88047725	1.7203021
1.520567	0.025291821
1.1246374	1.2875489
1.6579423	-1.623143
1.2984546	2.054721
2.0278614	-1.5664197
1.0752318	1.5830275
2.2499385	-2.3979664
2.7900035	0.98995394
1.7395971	2.499327
2.3199337	1.5915744
1.6753862	0.42625898
1.229504	0.2664631
1.2849702	0.36595604
0.79226977	-1.628578
2.2585096	0.5075858
1.5159562	-1.6093215
1.8014876	-0.9561982
0.34575972	-1.4762424
1.989454	1.4686155
1.0835309	3.1028123
0.44212312	0.78288484
1.370731	0.36386856
1.3532966	-1.0692965
1.2447616	-2.108385
2.0832295	-1.7747635
1.603049	2.3785942
1.6657313	0.5416928
1.2563984	1.4325488
2.5307994	1.9773891
0.9543526	1.7578856
1.8580136	-3.002419
2.3766603	-2.5913005
1.182056	0.91807294
2.695004	3.1233687
0.45196974	-2.4951792
1.3929899	0.07522493
1.8024375	0.5665951
0.31691158	-1.9194441
2.674134	-2.8559644
2.5494862	-2.1809607
2.2514374	1.7797401
1.6181601	-2.1889207
0.70240515	3.094782
0.35002884	2.9211655
2.1469038	2.4719205
2.5505655	-2.6447058
0.53582054	2.507528
1.2961606	0.28405017
2.8408666	1.0709077
1.4824936	2.8192136
1.958434	-1.3565484
1.5979401	-1.0102963
0.27611625	-2.6684213
0.59687644	-1.1519649
1.5777801	0.70563406
1.9066973	0.5380803
2.454995	-2.403272
1.9019063	0.39829278
1.0397843	-1.2650574
3.0319526	-2.278017
0.6743234	-3.0591354
1.4918942	1.4622884
2.5171425	0.74698144
1.1286589	0.52378637
1.8768018	-2.3231897
1.2544852	0.8469811
1.1126744	-2.8669276
2.2195687	-1.0961252
2.464072	-2.9759102
0.30460384	0.35000384
1.8186934	1.6829262
0.9893775	0.59543914
1.2318438	0.9633944
1.6242559	-2.2591467
1.661012	-2.5754588
1.9711825	-0.32602063
2.8831408	2.2880676
1.4822509	1.8186429
1.4870993	0.8950091
0.44820875	2.874738
2.603838	1.2360975
2.5421107	0.959644
1.7885351	2.825113
0.5781832	-2.936378
2.945496	-3.1219788
0.78536826	-1.0819436
0.60948706	-2.650155
0.91881365	-1.315834
1.5703564	2.51517
1.0415537	1.7542452
1.6341292	-2.110342
1.8931879	2.0400803
1.8246126	1.5436347
1.9291062	-0.14371671
3.0347247	-0.66126364
0.68889743	0.53346986
1.2368973	1.8050648
1.3914423	2.549325
2.6339722	0.719427
1.9319758	1.083566
1.0785643	-1.3197281
1.5472467	1.5584514
0.6851752	-2.1552017
2.2548506	1.5308204
2.5175338	-2.7747023
0.8067875	-1.1478492
1.7991878	-1.4281759
0.033271015	-0.9658562
1.8933208	-1.6357224
1.1389427	-0.21047151
2.3217251	1.3087506
1.8989172	2.5760918
1.3426484	-0.9794861
1.9629583	2.203118
2.5047524	-1.5990951
1.4173826	-1.1564327
0.5937639	-2.679841
1.7961234	-1.717704
1.8077612	1.9799562
1.1020993	-0.15415838
1.2236027	2.9251704
2.335509	2.5473866
2.0084248	1.3023007
0.55304575	-1.5539972
1.0530658	-1.0221367
0.5698562	-0.6430438
1.9840391	-2.7733665
2.2636383	-0.9427237
1.3837842	2.207688
2.7349014	0.5499999
1.9409481	2.3392863
0.93545175	-1.6804141
2.802317	0.88561463
1.5541005	-1.2698294
2.4131894	1.8544475
1.1997068	-2.2715702
2.014663	-0.8790538
2.2951813	0.32665384
2.5776694	1.5511937
2.5430732	-1.5343738
1.9173212	2.5177188
2.7656832	-0.39245778
1.4035653	0.8080377
2.9704635	2.9120588
1.6933748	1.2315806
2.0965583	-0.07070446
0.5293877	-2.6419666
2.836047	1.4125777
0.93531245	0.23789765
1.7521325	1.1797525
1.4620173	-1.5216808
1.7662499	2.8273413
1.2710395	-2.1028717
2.7409978	2.1182091
1.6527281	-0.39619917
2.3359652	-1.197645
1.6326495	-2.677778
0.828459	-2.3538582
2.4415963	-0.76022816
1.3897805	-3.017982
1.175506	0.6201387
0.68348885	-3.035945
2.251184	-0.24729599
1.4888632	-1.5609384
0.7966353	2.7985494
1.967163	-0.4237994
1.7320813	-0.92738605
1.528397	0.20532754
0.3930395	1.4541968
2.3640618	0.77385134
0.8489065	-2.6267426
2.898134	-1.2166232
1.1301647	-1.9189217
0.85467833	1.6239192
1.1082556	2.471306
1.6315565	1.4252124
1.1495731	1.4795048
1.2219423	-1.9843619
1.1633583	-0.17381808
2.0466814	-1.2871013
2.2962787	-2.7781231
0.17495407	2.1118746
0.8458133	-1.7787938
2.7304697	1.5911942
1.5913785	1.5299067
1.2362753	-1.7886205
0.88556325	-0.52101535
0.5532596	-0.09925029
0.6135894	-1.0607452
1.5076089	2.287037
2.3152113	-2.0767353
1.2527514	-2.132467
1.7632418	0.086973555
2.5488358	0.90948623
2.2610521	-2.8179436
1.9581182	1.5981978
1.9175721	-1.6347071
1.6502804	-0.93067646
1.5663161	-1.6497284
1.613408	-1.2637262
0.7052993	3.13004
0.4941617	2.789149
0.9584474	0.67231596
1.2050354	2.9305785
2.887074	0.8324635
1.6617266	2.0969844
1.0589046	2.856971
1.2168326	2.7376401
0.91964024	-2.9151287
1.2468935	2.907649
1.8466902	-3.0991511
1.5617458	1.4763802
1.083919	-3.1168654
1.17936	2.0721745
2.1498764	-0.8593251
1.1632887	1.5012342
1.0193869	1.9104942
1.5552878	3.0473206
0.20206402	-1.8901311
2.8758504	2.2820504
2.6146238	2.320782
0.6363032	2.0165346
0.12118561	2.2645059
0.4095193	3.060725
1.9272654	-0.21292946
1.8185928	2.1919606
2.4620287	-1.7449135
0.3526349	0.78136885
1.7428787	2.3597205
1.5668863	-2.4168751
1.8716122	0.67614806
2.462015	-2.100757
1.3096561	-0.20677088
0.48951596	-0.86857414
2.053472	-0.25522387
1.0312027	2.2797523
1.3827957	-2.2268386
1.5933701	1.4720048
1.3399432	-0.09515999
1.4936657	1.6984212
2.301003	3.0370457
2.6061664	-0.8191909
2.0391512	-0.47055584
2.8629553	2.378239
0.7494931	2.5932255
1.8320193	1.3398877
1.9102409	-1.3199028
1.9521514	-1.3948787
0.5579149	2.6953056
0.54553145	0.34130657
0.7327819	2.6638603
1.2257974	-0.79681784
0.63381714	1.3912058
2.3376753	1.681392
1.8526121	0.8071685
2.4006758	0.7076249
2.54429	-2.984089
1.0035762	-2.6030922
1.054147	-2.1461687
1.0248761	0.9645573
2.142343	1.0497376
0.59369737	1.7700355
2.8204765	-1.16623
2.549027	0.6487238
1.8517402	1.8197833
0.68289614	-1.4510834
1.0318658	-2.291222
0.94635314	1.4416935
0.6904912	1.8565861
2.3630254	-1.9728037
1.7713435	-2.725181
1.468393	2.0271323
2.4638865	-3.1110504
1.3425269	-2.339058
1.7942957	2.53241
0.2200121	-2.002952
1.119318	1.2389339
1.8724824	-0.9287262
1.3725511	0.7576046
2.1656814	2.348768
1.5977116	1.9392713
0.37310258	-2.8709624
2.3675559	2.7077417
0.55768126	2.2514565
2.614615	1.2433642
2.7939882	-1.6347265
1.3676478	-0.62382346
0.80727285	1.9120102
1.2559772	0.003955339
1.4909164	-2.9276698
0.21216801	-1.9316195
2.8679159	0.29052284
1.0490216	-1.7964292
2.710848	1.159382
0.82632405	-1.5487038
2.6772244	2.6073594
0.5110421	3.0907443
2.3156643	2.9437702
2.6286805	-2.4791539
1.902788	-0.54617596
1.593203	1.1575078
2.4774249	-1.7056497
2.368297	-2.7299213
1.9316119	-0.040326487
1.3944196	-1.6256694
2.6078238	0.5639855
2.9445527	-2.4896898
1.0755053	1.5005728
0.47935504	0.07971068
0.34895727	-2.9194372
0.48715368	-1.4863276
0.6505656	-1.1832676
0.63427454	-2.605143
0.8756051	-2.7392676
2.0088067	0.8419482
2.6830866	-1.2525468
2.0261416	-2.7526302
2.1555073	-1.236385
1.599978	-2.5164251
1.1193125	-2.2361445
1.817632	-2.220923
0.61385983	0.21150312
2.6748981	1.7103171
1.766008	-0.23104063
2.4155617	-2.0760498
1.1269201	-1.0555831
1.4957683	-0.98424554
1.8447793	2.2712457
2.3023753	0.64908355
1.567742	0.5275652
2.3940659	-2.5104496
1.1034342	-2.2574866
0.6416189	-0.9820556
2.4779308	2.6730921
0.98390007	1.8102039
1.0074533	-1.7252444
2.6113148	-0.6264169
0.62559474	-0.607801
1.4319899	-1.0017867
2.091215	-2.9838548
0.9909944	2.507063
0.79278386	-0.24455304
2.2936056	-2.397462
0.6795283	-2.86173
1.3255045	1.942027
1.5959815	-1.5098383
1.0854319	-1.2828407
2.38024	0.31682378
1.400842	-1.4066799
2.6807842	1.6000748
2.0067124	2.726193
2.8893995	1.6702114
1.3256849	-1.9978455
0.8231262	2.5456774
1.5112381	2.1097383
2.673848	1.1893326
1.488983	0.30605993
2.445431	-2.075043
1.458225	-2.8256738
0.9397946	2.6880703
1.5828471	1.1010607
2.7947795	1.7671602
1.4730453	1.8892403
0.28113863	0.11811794
2.5640452	1.167342
1.6444104	3.1169336
1.4171668	0.18729046
1.2100531	-0.78557765
1.5044155	-1.0493994
1.074531	2.0013244
2.9184039	-0.37726283
2.616391	2.0886533
2.116461	-2.6416461
1.1376252	-0.045239188
2.618375	-0.7532113
2.416998	-2.1454
2.1062548	1.7425292
0.94053745	-2.5170577
0.8398864	0.7390368
2.1966338	0.45575112
2.208124	-0.32407123
1.7015356	-1.6201613
1.6664805	2.0020869
1.0581628	-2.16731
0.9525708	-1.6395731
2.8865075	0.46607003
2.3153653	1.8568672
1.4239497	0.16259807
1.6900793	0.6159446
2.6331913	-1.1470141
1.5983946	-0.96130264
1.3857152	2.5103173
0.75285584	-2.362022
0.33618742	-0.5440786
1.3437668	-3.07832
1.4351565	-0.5701479
2.2034433	0.8265406
0.77119404	2.9982605
1.7966133	1.7052997
0.63477623	-2.561905
2.345179	2.9481976
2.584204	2.7073112
1.6824814	1.5873888
1.3277427	0.33236682
0.91832846	1.9322375
1.079173	0.6012842
1.9042934	-2.0266483
1.2000674	0.09421449
2.4330475	0.7349841
1.5033202	-1.2688771
2.5416276	-1.0369953
1.0841784	0.7941496
2.250851	-2.3010273
0.9491536	-2.3682265
0.6281218	-0.6466275
1.9719431	-2.3199592
2.4266472	2.8375237
2.1810048	0.5742234
1.4705303	-1.2855107
0.9537091	-0.6263585
0.72160745	0.30517623
1.5061114	-1.3218194
1.4853944	0.6415962
0.85340554	-1.1149795
1.3583935	-0.20009558
2.3320975	0.45706943
1.058177	1.58401
2.978887	-1.3828853
1.3884082	2.9742725
1.629078	2.9764824
2.215386	2.53761
2.0740438	-1.0148233
2.269487	-1.2434199
1.9068549	1.2759225
1.215888	0.39747486
0.76383436	1.1786389
1.729071	3.1185226
2.1577618	-2.2206638
2.4464805	2.5287313
2.5611486	1.357276
2.0236943	-2.0188918
1.271919	-0.4991485
2.7260518	-1.0949643
1.0430052	-1.8816527
1.4358395	-0.80385643
1.853698	-2.710543
1.4558824	-2.46095
1.9116247	0.91779643
0.64573395	1.6509186
1.7348663	-2.1336856
0.69408005	-1.536654
0.5970485	0.86989045
2.1106296	0.9906807
0.35096866	-2.387154
0.79386044	2.844919
2.783821	0.5182631
1.6884843	1.6125137
2.3712373	-2.1560574
0.8044871	-1.8116697
0.78877914	-2.0613265
2.1600866	2.2148378
2.0524843	1.8904974
1.7559133	-2.0699286
1.3049355	-0.895536
1.1100938	1.0507555
1.1335689	0.3190617
0.38273355	-1.225994
0.6119169	2.9690735
2.8456116	-3.0143611
0.8483101	-0.93727475
2.2846167	-1.6305819
1.1445326	0.2943152
1.4552312	-2.3862822
1.7695884	-1.619995
0.6870358	-2.8920789
2.0571184	0.3213148
0.9387664	-0.49681062
1.6632646	0.51277405
2.674808	0.86489475
0.6710516	2.134304
0.84610784	-2.4176245
1.8339529	-2.8612175
0.5754221	-0.24056731
3.025539	2.227902
1.2830939	0.5926576
1.8953847	-3.0545828
1.7192246	-2.9019573
1.8261551	2.1185524
2.0415444	1.5270104
1.3681631	0.484532
2.2771847	-0.96717703
1.2192278	-2.0820289
0.7575986	1.3076161
1.929733	-1.1574646
0.5286016	2.050168
2.2216625	1.7859755
1.3468617	0.56756926
0.47960505	-2.2887704
1.4727335	1.4376657
0.43829557	0.11775495
1.3509665	-0.76850617
1.2390271	1.269944
0.69822943	2.8270001
2.5657663	-0.4669467
2.2356846	-1.7768508
1.1957074	2.1516855
2.6156664	-0.7707024
1.8459766	-1.2806985
1.1659147	-0.5319097
1.3368605	3.007494
0.1445978	0.080606766
1.0078847	2.6657257
2.2071397	-1.7626067
2.1225128	-2.4147565
1.4949822	1.5704076
1.300348	2.3020597
2.7571468	1.0388077
0.5314168	-0.8905701
0.3893454	-1.7932308
2.6224532	-1.3277589
1.075391	-1.8218788
0.7032471	-2.1790037
0.7490772	1.817758
2.4821956	-1.1004465
1.6571536	1.0180316
0.5189114	-1.1379589
0.29266772	-1.4312972
1.1243303	-2.0293999
1.4874753	0.55537814
2.5724247	-2.3608398
1.2850691	-2.8814814
2.7341008	0.8965747
1.1184216	-0.16498348
2.1092541	0.85688746
1.5187132	-0.5419676
2.313529	-0.9428455
1.2767673	1.4188496
0.8498566	2.0313175
1.5563748	2.4260745
1.9132243	-2.2894776
1.5243282	-1.7780832
1.3804895	0.25086632
1.9642754	-1.1442386
0.7229696	-2.6095028
1.1353197	2.8667107
0.89206994	-1.4951276
1.7426742	1.6483278
1.9118897	2.961993
1.8263646	1.5761949
0.74610126	2.1648564
2.9728227	1.2165254
1.5656276	2.336255
0.22776502	0.9068187
1.7185223	-1.6365883
2.783812	-1.2051088
1.0886266	-0.5755482
1.1854511	1.5067395
1.8151515	2.2397346
1.8244197	0.57580876
2.8086712	-1.9287778
0.45810807	-1.5599806
2.186529	0.2438018
1.400748	1.4188812
2.0243049	1.7146991
1.8810024	2.1858737
2.5495622	-1.6535398
1.7137029	0.9946216
2.0253546	2.9541671
1.8877954	2.7455819
1.5324928	-0.32119855
2.2386463	-0.3952526
1.9949483	2.3675106
1.4926684	-2.7738976
2.0265212	-1.3987726
1.3491011	0.029627325
0.66603875	2.7019608
1.9041271	0.73714423
1.748245	2.4968991
1.805591	-2.2381473
2.3628733	-2.9798727
0.7861301	-2.3978262
1.9483081	-1.0332409
2.3663726	0.18696277
1.9845906	1.0055299
1.1817479	2.9354904
1.7577626	0.073385
0.87947136	1.0987865
1.9648585	0.86117184
1.7169465	1.8758585
1.54386	-2.816355
1.3069934	1.1411107
1.4618783	2.39458
1.1644794	-1.4746734
1.3100162	-1.0864493
1.22501	0.038044777
0.70351845	-0.9532707
2.4500184	2.041039
2.1483185	0.4808534
1.599057	0.8131734
0.41722712	3.0636947
1.5390368	0.28063643
2.0553815	2.2901666
1.3916726	0.74623656
0.6056457	-2.7233806
1.5070395	-0.9752126
0.911404	0.95839006
2.5327616	-1.8394271
1.2586889	-1.3603584
1.1863387	-0.8653994
0.91827863	2.772919
1.969814	0.25205657
2.298532	-0.88001597
2.4271286	-1.8657176
1.0529587	-2.3958993
0.7291699	-0.5134773
2.2074668	0.1824393
2.1000743	0.23584193
0.5952149	2.5108652
1.3363042	-0.16274512
1.3284543	-2.7280443
1.4690958	2.621532
2.0776274	-2.4213898
1.6716595	0.1871995
2.382858	0.12263115
1.4436837	-2.4980888
1.6701589	0.24628992
1.346155	-2.710211
2.3609347	2.4184206
1.8406948	-2.9255683
2.4223948	1.116525
2.1407707	1.8685733
2.2238626	1.7241486
0.532657	0.0053332024
1.0417564	2.3238773
0.53165686	-0.6774583
2.1628137	-2.3483489
1.4756699	-1.7684894
1.8483381	0.587764
0.2748846	-0.11469467
1.2396749	-2.6612105
0.6368927	2.5846384
1.6962153	0.6491895
1.0631704	0.863602
0.60463715	0.71609914
1.5501425	-1.6849915
2.215418	-0.07404813
2.3691742	0.19409293
0.7882977	2.0394115
0.2602981	1.4801908
0.8013566	0.5656394
2.3722186	-2.6887038
1.1399804	-2.9053721
1.8846262	-2.1424007
0.99700624	-0.2597155
2.7888143	-3.1218512
0.98545784	-0.71730095
1.3851742	-2.6130865
0.58872694	2.5748148
0.53736067	3.139324
1.6971924	1.5442497
2.0184746	0.6806111
1.4015173	-2.9744508
2.1248107	-0.12661882
1.6772907	0.80607444
1.5282197	2.7235672
2.064404	-2.0521994
1.6642148	-0.93135685
1.1906742	1.969048
2.3298743	0.48470947
2.5451994	-0.62674695
1.2804037	1.1199636
0.8138837	2.0741062
0.49235177	0.85124356
2.3625073	2.9778934
0.461876	-0.53977805
1.1871608	2.1629033
1.5261917	2.0674582
1.0837024	2.1024554
1.7789868	-1.5227287
1.9282295	-2.9847505
1.3037158	0.89561945
1.7044541	-2.359892
1.2810798	-2.117827
1.9419274	-0.07378353
2.2483976	0.97255236
2.9879093	-2.2476165
2.266179	0.6733271
0.21970518	1.9640745
2.3739522	-0.2462019
0.46864045	2.4106562
0.5601812	-0.54674023
0.8134096	-0.3148765
0.8121661	2.9688752
0.65910065	0.7764334
1.5476694	-2.0287645
1.0476654	0.7553071
1.1850507	-3.107194
1.3432472	-2.980418
1.622291	1.2358713
1.985884	-0.9950957
1.4738458	1.4790065
2.1048746	1.9107977
1.0279626	-1.304778
0.6519731	-0.17507496
1.9099201	0.17914711
0.41590148	-1.5090405
1.1730887	-0.49406388
1.5548846	-1.5521628
1.5362272	-2.6139996
2.4980998	-2.291196
2.5210128	1.0785172
1.0577701	-2.0832677
1.7960495	-1.4063066
1.8262835	0.18359526
1.2813292	1.4097011
0.95910335	-0.8098609
1.5766896	2.1591191
1.8237752	-1.7708687
1.2621202	-1.0283737
0.70342493	-2.6677876
2.8817892	-2.2827365
1.5762855	-2.0224552
1.4601184	3.0033193
2.9866316	2.2145076
1.7787755	1.1984136
1.8229709	0.097191654
1.2164763	1.0817524
1.2414807	2.7447426
1.4286368	-1.9992942
0.6701462	1.5555518
2.0477707	1.1091161
1.9353417	0.22872138
1.7583199	-2.5401502
2.710111	1.4698222
1.6926534	-3.0997016
0.9450424	-0.75741047
2.3793957	2.1238897
0.42467183	2.1815372
2.907779	2.37472
0.94524735	0.69574946
1.6595497	0.1024136
1.943022	-0.61387783
1.6481173	2.7152324
1.1694968	-1.2323874
2.5463176	-0.4183242
1.7146779	2.2192883
2.1000676	1.4738122
0.29618353	-1.4677935
1.361538	2.685571
1.135035	1.342746
2.4067988	-0.13797052
0.86487496	0.8908299
1.6004214	-1.20289
1.627849	-0.36205494
1.9634285	-1.1949068
0.4037343	-2.4864266
2.6339984	-1.9712874
2.036476	-2.824613
0.64919627	-0.1964219
0.81481725	0.25949398
1.208266	-1.1539481
1.008603	-2.1605394
0.88385105	0.25936612
2.3770905	1.2180481
2.1675644	2.9681835
2.5387182	0.15356693
1.6846638	0.36794636
0.64816475	2.9213343
2.5159578	-0.96280134
0.77741235	-0.8099755
1.4397187	-0.9324638
1.2484281	1.89111
3.0382588	2.4800808
0.93185556	0.17681678
1.5024484	1.8810856
1.2362611	2.5058377
0.42570743	-0.0015140574
0.45372018	-1.8417566
1.6265296	0.95465994
1.9770935	3.1174848
1.497402	-0.19490173
1.7955948	-2.8936667
2.0075798	2.5602024
2.640611	-2.8508027
1.2711096	1.9906188
1.1175791	-1.0956159
1.2216662	0.9390005
0.4585114	-2.8614585
1.305704	-0.65216917
1.6492755	2.903302
1.5296297	-1.8594259
0.5692661	2.7295136
1.8540037	0.2498335
0.9722068	-2.9337876
0.74448586	1.6922288
2.1447806	1.513762
2.0215302	0.66445076
1.6556475	-2.0338821
1.8143218	0.68207216
1.716931	-2.7957466
0.81202734	-2.0358224
1.382708	0.115460575
1.3923928	2.2353642
0.44417375	1.1958731
1.1400943	2.5456202
1.4690052	-2.5961044
1.8067716	2.0134628
2.0165532	-2.0336373
1.1412505	0.05516172
0.8749177	1.8162689
1.3935769	-0.96631664
1.1185023	-2.98019
2.1377008	-1.3294402
1.7971501	1.8791755
1.0895137	1.4311299
0.2901218	-0.09361804
2.6247325	0.62117213
0.90284497	-1.1354659
1.6977125	1.1950023
1.3375963	-2.677228
1.163448	1.63536
1.9772093	-2.182672
1.9559911	-1.0742314
1.4815959	0.94301105
0.36302552	1.1191167
1.880822	0.92586917
0.56000674	0.5719231
1.3386735	1.591506
0.5916507	-2.9419053
1.1084186	-0.8596545
1.2167003	2.614428
2.2062223	-2.6189208
0.508854	-0.64867115
2.0471506	-1.853371
2.042125	-1.475944
1.2040792	-0.09667433
1.5139319	-2.2558281
1.2373794	-1.8948536
2.068708	1.5801175
1.3746297	-2.8371165
1.5348163	2.6552525
1.6698514	2.3425248
1.0980073	-2.929116
1.7326299	-1.6785507
2.1762831	-0.24939352
2.0974197	-0.47975135
2.5476613	-1.9186165
2.3706098	-0.01896625
2.3981414	-2.4898052
1.7925355	2.444954
1.9775884	-2.5038116
1.5393088	-3.135095
2.5442924	3.0689735
1.3063308	-2.0578477
2.037089	2.8767545
0.8403152	-1.715792
2.0529635	-1.0150998
2.4026093	1.9889634
0.4976412	-0.42371795
1.5843406	-1.5585928
2.583635	-1.2134778
0.66453725	-1.5379926
0.9312379	0.23851858
1.8070356	-2.5625198
2.7871244	1.179015
0.83266044	0.80531484
0.8806906	-0.604352
2.4401112	-2.542665
0.20768742	0.9152699
1.0999105	-1.948798
1.7297691	2.0322187
0.76554644	0.09253562
2.3285663	1.451507
1.5319166	-2.072834
0.5942116	2.367596
1.2168022	-2.6937187
2.2319877	0.76820874
1.7727348	1.2804478
1.837105	-0.34220612
1.7273718	-2.104503
1.4788043	0.18282972
2.7834575	-0.6861382
1.1142607	2.0626097
2.5198228	-1.5907922
1.3875448	-2.433264
0.8157147	1.466728
1.3487564	1.9419483
0.83137393	-2.5196142
1.5629615	1.9880661
2.3751538	0.19908118
1.7531168	-2.1072884
1.4149611	-0.63604474
2.0788817	-0.47765875
0.26391557	1.9047165
1.6625967	2.2291212
1.3452857	2.9815776
2.819909	-2.6914325
0.7409254	-0.7729432
0.55235046	0.6947562
0.609597	-2.813612
1.2495188	2.743395
0.8969091	-0.8682183
1.5075042	-2.3567228
1.603179	1.3331673
1.5792038	-2.3135452
0.9970509	0.25576925
0.77511996	-0.14061388
1.7907798	-1.3364906
1.4374462	-0.9142818
2.8947675	-0.15886973
0.51608825	-1.8379276
2.1185133	-0.24314633
1.8800493	-0.25390527
1.3615184	-2.7868927
1.5517862	-1.2630278
1.1130893	-1.2442594
2.2425892	-2.3252144
0.9047302	-2.020116
1.8258616	0.5562033
0.7129361	-1.0713946
0.85826087	3.0066113
2.843449	-2.7868104
0.79244417	0.7423698
2.0315425	-1.2324553
2.2326853	1.1721568
1.0190959	1.90538
1.3256451	-2.375543
2.9607508	2.0674763
1.6382251	3.059788
1.2563486	-0.90843844
2.410466	-0.7893333
2.112557	-1.98753
1.1987852	-1.4406533
0.7118288	-0.40545365
0.8907195	1.8759011
1.3754399	-0.7860261
2.0618536	2.1834211
1.0100538	-1.5540987
2.0782533	0.64652246
1.7696937	1.5360769
0.64415306	0.4640967
1.4842639	-3.0046375
1.1664531	2.6743858
1.934918	1.051441
0.4193128	-0.84167045
2.3853135	0.073985025
0.6174623	2.1271272
1.8392351	1.6794064
2.4272037	1.5088433
1.5314612	0.6354377
1.0447279	-1.6411622
0.4699131	1.0715985
1.4295522	0.6507828
2.9500918	-1.1736363
0.83589566	-2.1087055
2.2008345	-0.58620316
1.7073741	-1.6073651
1.325425	1.9362622
0.41572395	-0.6741014
2.5067275	-1.2807336
2.0906482	1.6027441
2.092269	2.24727
0.85546625	0.25062668
1.0964781	1.7841693
2.5165453	1.1949247
1.6479697	-2.6850045
1.4258621	-1.9486539
3.059857	-3.077294
0.88043827	1.8992444
0.89801514	-1.6080354
2.7085302	1.9141965
1.3254765	1.9582711
1.3655274	-1.9027504
1.6797439	-3.1256583
1.3857262	2.4087641
0.91837835	1.6859486
1.360604	-0.5486768
0.52681065	2.5703723
0.89175457	-2.5558193
1.8788188	-0.7590964
1.0214131	1.074102
0.8878601	0.5120402
1.5399786	-0.58779174
0.76379687	-0.3267381
0.95050764	0.6964074
0.7440141	-3.0887253
2.684519	2.6489527
1.7793156	1.211849
1.5500727	-0.012499123
1.7177184	1.7114376
1.116339	-2.210422
1.3722308	-2.5045147
1.9352578	-3.0629413
1.287457	-0.8318473
2.2095056	-0.93140954
1.6782763	-2.537168
1.3807943	2.039156
2.600787	-3.0028112
0.69810355	-0.3257299
1.4678737	-1.2207615
3.071797	-3.0209572
0.11806757	-3.0424325
0.91504025	2.7410924
1.4810774	0.048245087
2.555327	0.041856788
2.0774124	0.17660907
0.4304164	-1.279519
1.7162154	1.2572539
0.76541007	0.16514574
0.594576	0.13105597
1.8333406	-0.455792
2.24379	2.7859862
0.794163	-2.2472095
1.7736574	-1.4780529
0.80757123	2.0177443
1.933544	-0.92345756
2.3145494	2.5891845
2.854595	2.5565338
1.6512682	-2.7724254
1.8706894	1.6328872
1.8522108	1.5795716
2.3332493	-1.103751
1.520595	1.6716375
2.0661745	2.7554584
1.7717161	1.7813903
2.2055504	0.7640585
2.665745	2.1799839
0.4494183	-2.8048368
0.1994775	-2.4395952
1.626029	0.70496863
1.3802108	-2.8701057
0.9549348	2.1923976
1.655742	1.9723365
0.9241574	-0.6065231
0.44674167	-0.6899024
1.9687178	2.3247352
2.4202204	-0.64907205
0.42033657	-2.7528398
0.8912348	-0.942889
1.7296282	1.9630749
1.186718	-0.7101257
0.5175067	0.6145699
2.6476736	0.39483082
0.18861811	0.55909675
1.310342	2.248255
1.8588636	0.44794717
1.3109767	2.899989
2.1493597	0.89720124
1.9931602	1.4433073
1.5035061	-1.7994583
0.9687035	-2.1857605
1.6059929	1.2341695
0.08271267	2.8344839
2.3834124	-1.5962437
2.0027752	-0.86360294
2.0962234	-0.88485324
1.6520907	0.88369334
1.6504622	0.31291166
0.9651904	0.24084574
1.4738109	-1.9181795
1.96868	1.1100653
1.605207	-0.42595235
1.7873975	-1.2230258
2.5071197	-2.5816088
1.0437983	0.8261231
1.117066	3.102973
1.0118226	1.2308699
1.426071	-2.8769567
2.3753927	-1.2616371
1.0954769	1.2512475
1.923943	-2.9916549
2.881833	-2.85478
2.0429273	1.454867
0.787092	2.2491817
2.5850863	0.20140812
1.308848	-0.64833575
2.1970649	-2.995104
1.4586809	-1.1196811
2.2568085	2.5959034
0.5388709	-0.45441276
1.0713631	-0.87498564
0.8899096	-0.7627369
0.8643763	2.6071339
0.8482625	1.9260502
1.9015632	-0.3928668
2.393874	-0.23493375
0.5982141	-3.1265075
1.8172059	0.06606736
1.679485	0.5769067
1.3160657	2.0370774
1.8569938	-0.57033753
1.2857704	-0.5434158
0.51225597	2.0844047
2.467416	-1.3164741
2.011335	2.588962
2.15823	0.62636703
0.719963	-0.56809497
1.9234182	-3.1273067
1.1799868	-2.3514686
2.0676355	-1.934042
2.177255	-3.1317108
2.2985494	0.25683075
2.9629984	1.9569721
1.1774051	-1.8551027
0.6375892	-0.07660949
1.5108706	2.5279176
1.7084194	0.18831274
2.099853	-1.1099575
0.6291329	0.79863423
2.325043	-2.7870839
0.6914809	1.0246506
1.4573193	-1.4310809
0.20118691	2.42584
1.1052828	0.19016945
1.693776	2.3844836
1.5468429	-1.1005158
1.7787597	2.747506
1.3319083	0.89628386
1.1077346	0.26491642
2.1099758	-1.7839476
0.9706201	2.3697772
0.5897452	2.1251814
1.6072725	-0.21044043
1.0365919	0.3479999
1.774752	2.646885
1.640781	1.4236184
0.7230189	0.14945821
1.6038572	-1.3272351
1.3982999	-0.46921614
0.1317271	2.7252975
0.20126444	-1.2231097
0.79498255	1.8425204
1.211307	2.047869
2.7415843	0.19710836
1.6300405	2.915034
0.1323216	-2.3959057
1.4528466	-1.1177069
1.3360739	-0.2057038
1.5131245	-0.33857375
0.6754726	-2.0885804
2.1595552	-1.8974687
0.3856769	0.83770275
1.0196372	-0.43750203
2.7937136	2.67694
1.2101591	-0.21005198
1.0425304	-2.199038
1.8080233	-2.6239016
1.2600774	0.26832217
1.1049981	-1.2118644
1.8498609	-2.831465
0.8930305	-0.090437576
1.8479182	-1.7798915
1.751013	2.1307254
1.1492021	-2.2121615
2.016823	-2.6199577
0.5397421	-3.1055663
2.3010461	0.7236875
2.0628338	1.1511133
2.0710902	-0.4341043
0.9100668	-1.7322654
1.3372191	2.0654898
0.93116343	1.429154
0.86870605	-3.0609128
0.049155496	1.7857317
1.187516	-2.6883004
1.8065296	0.28532222
0.64148265	0.17956173
1.4393828	1.4561481
1.7344337	1.8808483
1.8980218	1.3943331
2.26166	0.14179638
0.16917591	-2.8331335
0.71295726	-0.43711355
0.67272234	1.3072385
1.5071863	1.0375413
0.45890945	-1.6106957
2.1608918	2.9500835
1.3621142	-2.1613212
0.98513705	-0.40001848
1.9766276	-1.6187485
0.28141564	-2.473584
1.5865678	2.4311225
0.501147	0.3182453
1.8180006	2.3717473
1.2844458	2.4015143
1.1610497	0.08140579
0.91390795	2.1543875
1.7483008	0.34792438
2.024879	2.7935371
1.1537024	2.055828
1.2991916	0.2932915
1.400942	1.0119759
1.0328836	0.23813573
2.564661	-1.3460729
1.2057059	2.016351
2.2245808	-2.655433
2.4643004	-1.3251295
2.328065	3.1093812
2.227583	1.5607959
1.118149	-0.17837648
2.1737695	1.084066
1.0716664	-0.007741084
1.792478	-0.37042853
1.7041303	1.5151691
2.0114894	2.0348828
1.9001313	-2.647288
2.1344125	-1.522228
2.593169	1.1033527
2.1373932	-2.5232966
0.37532735	1.8521653
1.2704636	0.24216913
0.9602562	-2.9085798
1.2191474	-0.78662455
1.5327569	2.4563386
1.6386356	-1.5552566
1.8377254	1.7361091
2.3367584	2.4328332
1.5865636	0.97440946
0.92609787	-1.5569782
2.241727	0.7533691
1.4347401	2.450804
1.1306658	-1.342617
2.7177205	-1.74525
0.39538917	-0.6603818
0.606754	2.326964
0.7619153	-2.8928378
2.5076663	1.7407911
1.7002567	-2.7902439
0.7903977	0.96773374
1.7127658	0.7162302
2.3069997	-1.5955706
1.3857442	1.6415149
0.86188626	2.4008465
1.853747	-0.71737677
0.52279466	0.67918354
2.3634863	2.7294965
2.4901047	-0.0755038
0.856478	2.5413291
2.2737172	-2.5465682
1.49867	1.422256
1.7442163	0.50975895
2.058938	-0.67783517
2.7497995	-2.140768
1.9703735	3.0293672
1.6841569	-0.45734617
2.2024097	1.1524168
1.4456733	0.4858658
0.7272675	1.2488827
1.1050622	2.2435534
0.4678076	2.7538197
1.7875248	-0.9551585
2.1686487	0.9187548
2.690445	0.43003044
0.8621996	-3.0400345
1.0402702	2.5796993
0.610209	-0.76895326
1.8705189	-2.1615107
2.1901891	-1.8005692
1.5479039	1.2146417
1.3036022	-0.37985703
1.1541694	1.7056899
0.8530828	0.40866044
1.0815742	0.35622537
0.45460328	-1.2416234
1.507881	1.3834416
2.5000205	2.8315942
1.0811026	3.1310916
2.5639355	-0.5966248
2.628487	1.5331192
1.1193112	2.5980403
0.68271184	1.6517338
2.8642633	-2.2714636
0.8405449	-0.7139364
2.0965912	2.4537125
2.566102	-1.6767195
1.6520438	0.92007816
1.1792749	-1.8860769
1.5742043	-1.4846736
2.255597	0.8328328
2.598508	-0.8086539
2.0660365	-0.17575258
2.638273	-2.8076148
1.658785	2.0323792
1.4338639	0.94869614
1.9550914	0.20807014
1.981204	2.950078
0.44197932	0.7078873
2.0522459	1.3900255
1.8444872	-2.816934
1.478312	2.4681668
0.98700655	2.8653898
0.6917465	-2.3659034
1.5328252	0.42374495
1.394016	-2.611937
2.3204935	-0.029308304
2.8022296	0.83541244
0.8234777	1.9507605
0.76841325	1.4584354
1.8021021	-1.7872902
1.9590166	0.42881387
1.0269425	2.3039348
1.515314	0.78068286
1.5051861	2.0429652
0.48060545	-2.1437657
1.3341614	1.8472629
1.4407407	-2.4773414
1.2767253	-0.6127522
2.7181	1.3425401
2.2839649	-0.53749967
1.3954132	-2.0461693
1.1727998	2.4235256
0.86447734	3.1409886
1.0425445	-2.9772515
1.5034786	2.6522863
1.7657852	-2.4970667
2.1043367	-1.9621954
0.958721	-1.4717858
0.25776446	-0.46222806
1.8089682	0.9763732
2.0037916	2.8289964
0.24468955	1.562436
1.4894794	-2.678839
1.664066	-2.2077372
2.883188	1.4055111
1.2427542	-2.5267253
1.466348	-1.9056455
1.9782678	2.9207575
2.1298566	-2.2968102
2.0335329	-0.406197
2.9606538	2.0085168
0.6235311	2.979236
2.6984832	1.4412051
1.6778913	2.0390823
2.0246036	-0.07417373
0.589213	1.5677198
1.1357206	-1.0761428
1.2184057	2.665366
1.9567114	-1.5099214
0.4222976	3.1114213
1.3401479	1.3349285
2.8339942	-2.1622293
1.9345323	-1.8267812
1.2908597	3.1358824
1.4234992	3.1329045
0.6562873	2.2983453
2.1091743	1.2977973
1.5202311	-2.8133724
1.0775365	1.8962092
1.1159602	-1.8318126
1.3850154	1.0460739
0.4029536	-2.301055
0.9013572	2.2380018
1.7457474	2.8200245
1.4315014	1.1924288
1.8627245	-0.4570256
2.6596825	0.0019892552
0.41101146	1.4315498
1.5534667	1.4430319
2.0401077	1.2721007
0.5324128	-2.4626064
0.5454591	1.3057296
1.0147641	1.3311914
1.9264252	-2.7385545
1.2740366	-0.7370645
1.7167637	-1.5434778
1.0232713	1.4137659
2.0303056	-2.0044441
0.55212027	1.6859616
1.2627324	1.6768386
1.4840987	-0.4503857
1.2519213	1.873451
1.490197	-0.20032975
1.1256074	-0.92583656
0.9737405	0.61794275
1.038739	1.8785465
2.0347385	-1.0888499
1.783772	2.2978652
1.2809753	-0.6455182
1.4717606	-1.1621001
1.7161291	1.4792291
0.58386445	-1.9848405
2.1667323	1.3182883
0.6855713	3.058073
1.8806401	-2.7931988
2.2499344	2.36668
2.8098338	1.8727831
1.565667	0.9735304
0.12236226	-1.4787906
0.8861424	-0.4469862
1.7703971	-0.028159928
2.3978589	1.2476487
2.555944	-1.2587981
1.7348818	-1.9145781
0.90144974	-2.7769067
2.7690046	1.3850876
0.12960862	2.89032
1.8474762	1.3068439
2.2919626	-1.8931429
1.362323	1.8553501
1.7168145	-1.391237
0.52794254	0.54966795
2.7872295	1.0099411
0.8372821	-0.71138674
2.5771296	-2.1989393
2.070409	-0.8834217
1.8269987	-2.8158631
2.285169	0.32181862
1.409706	-2.2835681
2.7029858	1.5219662
1.9275218	1.8020561
2.5319476	0.9574267
1.397923	2.526151
1.1384166	-1.6923548
2.1151655	0.16977035
2.0871406	-2.385763
1.1570823	-0.38181096
1.1902905	2.1276057
2.173418	0.07951059
1.8048568	2.5680149
2.3369627	-0.54711336
0.70016104	1.0920526
1.9556003	0.868559
2.4703507	2.0834045
1.4919657	-3.1313424
2.4251688	-2.900685
0.6254292	0.561638
1.6330657	2.5884762
1.390587	2.439156
1.6381987	2.8227775
1.5702833	-3.0323703
0.58293414	-2.9371657
0.63238376	-1.028222
1.3143768	1.0924151
1.8989321	0.35559955
1.3246651	-2.0348978
0.95905584	0.36546302
1.5570978	-1.5081766
0.7644243	-0.46082062
1.606258	-0.43339795
2.1975262	-1.2689298
0.5109433	1.4098206
1.4821948	0.5539465
1.1260389	-1.8855461
0.67615026	-1.2598517
1.3347577	-1.7503489
0.5181286	-1.1935215
2.039826	-0.18893133
2.546536	-2.1023445
2.1677113	-0.28972498
1.319668	0.6632578
1.7448955	2.1843417
2.0588148	-2.0639937
1.2786703	-1.327597
1.141559	1.8132461
1.9969097	1.4849591
1.280107	1.6923518
0.3328203	-0.5330558
1.1461915	-1.8193393
0.5768521	2.8591092
1.7377169	1.6145853
0.6282115	-2.5584414
2.3692944	-2.1375625
1.4600903	-2.0141306
1.849793	0.8536202
1.6807281	-1.3601757
1.7859257	-1.2040594
1.3124197	-0.7099135
1.9802436	-2.6473725
1.9992483	-3.0368953
1.3021681	2.8351624
2.1195467	2.2629282
1.6385175	0.7980715
1.2974195	-1.7262076
0.52696854	1.4306324
1.354129	1.113918
1.5793521	-1.7127484
2.524259	-1.1209977
1.8735319	-1.2345262
0.3868638	-1.4126788
2.2448537	-1.6305249
0.73761535	-1.0823562
0.43544626	-2.0299132
0.98888135	0.8346747
1.0836157	3.103294
1.8810579	0.5759685
1.3548716	0.23877464
1.17252	-1.7027768
0.68212336	1.9718053
1.5127584	-0.37040123
1.2016286	-3.0663035
0.76960933	1.2437507
1.2337421	-0.077369
1.4449916	2.8270288
1.2894647	-0.4263514
1.0106369	-2.2699645
0.6969649	2.5056772
1.6019459	1.2927014
2.1792762	2.2704935
1.1418226	-0.76671904
0.9395098	-0.75339633
1.9886904	1.4255408
1.2933244	-2.7534916
2.4866552	1.994303
2.3487132	-0.41454244
2.1865208	2.1979387
1.3229462	-2.7469037
2.5022023	1.4877735
1.4246881	2.2345047
2.666082	-1.5152688
1.3577666	2.4833646
1.9299088	1.6079724
1.0307245	-1.635295
1.1516601	0.23222676
1.2209092	0.35541546
0.7548788	-0.62778383
1.2910029	2.0578609
2.6559289	2.6776373
1.5317332	-1.2675568
2.1643038	-1.2321814
2.564853	0.08185484
0.11710681	1.292444
1.556326	-2.4410617
0.6789071	-2.4346592
1.099231	0.25411767
2.184102	0.7037832
0.9679154	0.49010468
2.6350272	-0.10790347
2.9072363	1.0012525
1.9697418	-1.5172735
0.99109495	-0.059944734
1.6043565	2.3873048
1.2981563	-0.8966803
0.8080253	-2.875168
2.1083012	-1.1110011
1.5706191	-2.5228224
1.0766116	2.3996491
1.413708	-0.14898136
1.1733251	0.25524074
1.9209983	-1.2705833
1.1663537	-1.1431406
2.8152838	0.7348418
1.6626875	1.3700049
1.8191481	0.06559019
1.4432572	-2.2702668
1.2684286	1.7295448
2.4839828	1.1531868
1.6182495	-0.20218736
2.6967123	1.5289892
0.14691809	2.5220752
1.3265836	1.150871
1.2021589	-3.0462928
1.5933188	-0.9328212
2.383161	-1.930049
2.327973	-2.376183
2.1099584	-2.4878407
2.5425174	1.2400723
1.9347758	-0.45755747
1.7274227	0.8637313
2.1315951	-0.11972832
2.2879624	-2.463681
2.1638002	0.13045596
2.3347166	0.875548
2.5799847	1.7693899
1.4438258	-0.011795977
1.4381454	1.3049732
1.6866245	0.507538
0.93789154	-0.40730745
0.80462533	-2.1561983
1.0502731	-1.7779491
1.2090013	-1.7642628
0.9908511	-0.3026746
1.2027762	-1.3582388
1.5103389	-1.9994656
0.31427065	-0.320555
1.4503725	0.22463174
0.7505961	0.08564737
1.9681792	-0.79228973
1.8326123	0.7212687
1.4320711	-1.5561893
2.1479888	-1.2764357
1.9392512	1.4032617
1.1195481	-0.7943605
0.8670553	2.1489158
0.6511542	1.6517353
2.150069	-1.8942027
0.58060384	-2.877066
2.0072603	2.385765
2.7354581	-2.9093606
0.8947285	-1.1112927
0.69472444	-2.7886703
2.533958	1.7244346
2.1614416	0.84369415
2.6171029	-2.29853
1.9830261	-0.93314546
2.2359495	2.629412
1.2705722	1.8801
2.360163	-0.04011854
1.4840969	3.0156379
2.0788572	-2.0465767
0.60207397	2.485536
1.7470974	-1.2590495
2.7757485	-1.8667128
2.076947	-0.22749747
2.4450994	0.20347063
2.1130023	0.9098244
0.42236927	1.5195676
0.9647499	-2.5537195
1.1605644	-2.9555945
1.280867	3.0385199
1.258056	0.1845525
2.05719	-1.0244906
2.1181452	2.6613538
1.5345469	2.5308287
1.6798564	0.69766635
0.14739776	1.929845
2.112635	-0.4249702
0.1183511	0.16557072
1.1286325	2.7498524
1.2807596	0.7350766
2.2402265	2.664965
0.76065457	-0.24403219
2.013977	-2.9513674
2.1804304	2.558609
0.6620384	-2.4282033
1.3201971	-0.03137061
1.7695626	1.7041818
2.6267514	-2.4379745
1.1346846	-0.642318
1.548938	-1.3077965
2.9077828	-0.27101332
2.2001138	0.84863055
1.7432656	-0.27188054
0.3836926	-0.9943905
0.9959703	-1.417169
2.5723038	-2.0083432
1.7814206	2.9312856
1.2494899	-0.051300064
1.7179121	0.39878556
2.5759056	0.74546707
0.90051806	1.5106577
2.479183	-0.20704164
1.1482798	-2.3696024
1.4392519	-2.154222
2.407534	-1.0649784
2.5436497	2.269566
1.8567148	0.8108287
1.5071034	1.2571895
0.63850826	-0.17961222
1.0763646	2.5930748
2.3138363	-0.3030191
2.3940673	0.3203868
0.7190308	-0.08553185
1.4449813	1.3441418
1.6995084	-3.1246207
0.68372893	-1.1304939
1.115733	2.6958976
0.94388974	-1.1861731
2.2844808	-1.7608258
0.4706506	-1.7933267
1.9002753	-2.4046128
0.5565939	-0.6111557
2.0524518	2.7588198
2.678525	-1.3056779
0.6970028	-0.75239486
2.0215638	0.12429821
2.2807193	-2.8683631
1.5851135	0.9353198
1.229063	0.84885013
2.5083911	1.5848372
1.7823721	-1.7198737
0.9304921	-1.0045204
1.7887547	2.6583078
1.6688219	2.2540941
2.6769874	1.7595241
1.0417079	-3.138838
2.1705835	-2.7035317
0.7416491	-0.29936746
2.7895095	-2.103611
0.95562273	-1.0446355
2.5374453	0.18209405
2.1803536	-2.732233
2.1843953	2.206424
1.5479654	2.502833
2.6670218	0.8567991
1.1768587	-0.47626618
2.3298466	-0.9362475
2.3054373	-0.71534574
0.23512237	1.9351771
1.1360073	-2.5915358
2.2041872	2.3788111
0.77049345	-2.9490728
0.5865917	-2.2222292
2.1655166	-0.58547634
1.6401358	-1.5706713
1.8571005	0.07689009
1.4267668	1.7548112
1.8065628	-2.1440766
2.6514049	0.67774254
2.3986747	-2.6851554
1.3413457	-0.99984086
1.0683327	-0.8935341
1.36066	0.5318131
1.5822116	-2.4070609
2.726732	-2.904546
2.774324	-1.4686706
1.7828666	-0.5165249
0.8868315	-1.3271145
2.013049	-0.41910577
0.73084164	-0.8805395
2.6056519	-0.753022
1.5701244	-0.32295156
2.2340815	-1.0293595
1.3661187	2.2058058
0.4905214	0.32721582
0.20166983	-2.449505
1.5671408	1.6602539
2.7439172	1.6772792
0.6744808	-1.0610995
1.3767631	0.09567886
1.1896912	0.8195319
1.7703888	-0.65697104
1.4185139	0.30398637
2.6707582	1.7292988
0.690898	-2.8004158
1.3726388	-1.4269657
2.3274865	2.3282773
2.4107957	0.28482905
1.807705	0.5320252
1.2541913	1.7385806
0.53888613	2.0180955
1.1471769	-2.8103578
1.1613461	2.9350998
2.0077176	-3.000381
1.2347561	1.4831744
1.0340832	2.920014
1.6513181	1.9517133
0.50350606	2.329157
2.5749903	-0.5889118
1.4810497	3.1086338
2.4913812	2.7333884
0.7516172	2.500691
1.3861517	-0.79225165
1.7512372	0.40323558
1.8665216	-1.3376325
1.3820305	2.392473
2.2269473	1.4269487
1.8900341	1.0162446
1.5204654	-1.2126857
0.6823447	2.4611375
2.0068247	-0.46881253
1.4762807	-0.97917193
1.419092	0.760225
2.2377174	-2.9189258
2.2173417	1.3266149
0.83352023	-2.6137831
1.1359146	-0.85263634
1.3393853	0.9714461
2.3759942	-2.5891526
2.2403772	-3.0446663
0.66782737	0.8757204
1.0611312	0.09944038
1.3590997	2.5370977
1.0866164	1.3213853
1.8085356	0.70470226
1.5049659	-2.2378318
1.3880244	-0.6342064
1.7016976	-1.5383531
3.0369911	-1.7894577
2.4673407	-0.3738283
2.3115065	2.8943586
1.9415007	-1.4319901
0.84074074	-0.07329959
2.8145719	2.5339017
2.0714936	0.6301022
2.8385537	1.1412102
2.1834717	1.3461825
2.6094208	1.6439697
1.2047657	-1.2600924
1.3977911	-0.9570207
2.4554727	0.67520356
1.126371	-1.3473274
0.8411163	-2.076584
1.9283143	-2.5550714
2.8211102	1.4514575
2.3726315	0.5661265
0.28603712	-1.2082537
1.8657551	1.5877155
1.7763361	1.8924774
1.2030783	-1.5264825
1.3212254	-2.3887243
0.8762084	1.2414893
0.81864935	2.6002421
2.8612745	2.0533028
1.8859078	2.2770934
2.2487383	-1.7124952
1.5466026	2.9182756
1.2439998	-0.47248504
2.091611	1.7686472
2.8082345	-1.2596375
1.9874958	-0.46435916
2.0184705	2.19798
1.784748	-0.3459004
2.9095747	0.78958535
1.9375831	2.0786076
0.7069469	1.3428068
1.9283668	-2.2462425
1.1014322	-1.9021157
1.199617	1.7401494
0.78759515	-2.5627418
0.94033134	1.8500766
1.931873	0.25112665
1.1276258	-1.4947599
2.0578277	1.20142
0.24241662	-2.0477018
1.2743247	-0.32626134
2.213968	-1.0333605
2.0362506	2.5157464
1.4075061	-1.9098799
1.179046	-2.3159673
2.3310857	0.3872092
0.60963595	0.75416714
0.7997422	-1.5732007
0.622579	-1.0042143
0.9251621	0.31398925
1.7910552	0.22269613
2.1973403	0.0086658485
1.9260843	1.0076591
1.8147056	2.0775194
2.7275932	-0.74225205
1.3180559	-2.6813564
0.6273181	-0.72163135
0.6698366	-0.36067685
1.8936397	-1.8339381
3.0723126	1.3840823
1.203553	1.0088508
1.7880152	-1.6393763
0.20714791	2.4990864
2.7559202	0.5928865
1.6230096	-0.76015675
1.8056536	-2.4035356
1.1712891	2.0320563
2.1672094	1.5150064
0.6436718	0.09364993
1.2754827	-0.7721332
1.0024397	2.17309
0.6050723	-2.9137142
1.9609175	1.2044692
0.74514043	-0.9170708
1.3829192	-1.1100208
2.7475748	2.2375116
0.43515325	-1.1477082
1.8332427	1.4130423
0.72589743	2.8472292
2.5481884	0.19410972
0.75165236	2.804717
0.65333295	2.0988436
1.4838104	1.6422418
1.0242954	1.0496495
0.41399732	2.622654
1.069884	-0.8253388
0.9652987	1.1157755
0.3801416	2.9273808
1.0471455	-1.8853557
2.7379172	2.7577767
1.4174209	-2.5193837
1.9435109	-1.8247297
1.7173235	0.11038796
2.5739372	-0.124914184
1.0386969	-0.74605346
1.0694468	-1.5222633
1.6567049	0.08987524
2.3913975	1.3670096
1.7297354	-0.5278324
0.92226803	0.96778846
0.92467827	2.2968934
0.7355574	-2.1524253
0.6074634	-2.7495449
1.2079524	3.1213558
3.0414956	2.3019578
1.4379584	1.5152205
1.9498467	-0.24144344
1.6521596	1.9211502
0.71130425	2.6042848
1.6450826	-3.0747392
0.20472623	-2.3327503
1.9888558	-2.0139918
0.9184732	2.764366
2.0037403	3.010898
0.7835073	-0.49845028
1.8159866	-1.663058
1.6101595	2.8214374
1.8434979	-1.5333446
1.9698068	-2.739725
1.4707384	-0.6046936
1.6551272	-2.94682
1.8569463	-0.392853
1.9153918	2.3930228
2.7565658	2.552097
1.6178315	0.23037238
2.3739612	-2.6371653
2.5370622	2.3656723
1.9105515	-1.7617098
2.4016073	-0.8597735
2.0628278	-2.861001
1.6077565	1.3959407
1.5744883	-0.09311648
1.192616	-2.3748689
1.9042919	-3.1251945
0.731333	0.034725092
1.9322813	2.4781344
2.5823793	-1.5189964
1.0522041	-1.803995
0.46370906	-3.0737505
2.0404215	1.507359
1.8887428	0.4382234
1.340418	-0.17061199
0.36191744	1.7514592
1.4036955	1.721604
1.3920662	1.4989616
1.6425859	0.009868093
1.4748328	-1.4392233
2.2858474	-2.7814453
1.6621523	-2.995178
2.7112584	1.8188701
1.7831837	1.4509311
1.213303	-0.39034438
0.48751643	1.8126204
2.2249765	2.2910945
