334.45526
448.11298
527.5992
987.44965
429.6649
972.433
144.56097
730.73425
861.9884
519.3811
274.16443
671.3667
894.52545
705.3327
867.86237
378.21085
64.02362
20.767866
166.24171
191.36694
638.09607
894.9171
538.0097
52.787594
611.0761
723.9935
742.1085
395.62183
837.85754
199.29063
427.9987
528.9507
736.9368
627.5244
382.07272
315.40997
947.8778
632.39355
751.8499
95.95138
403.11856
111.39184
184.72081
394.57297
42.11316
196.23383
918.68646
710.0052
36.698517
655.9742
554.2141
201.81285
519.4317
971.8189
925.09796
955.879
576.2924
234.49837
245.77689
634.60065
331.68567
612.87506
915.0232
869.60156
274.66364
115.53917
585.9962
334.39868
911.0697
177.0431
903.622
840.0923
98.74819
320.1508
659.26166
873.182
550.49915
812.8356
129.2737
909.31354
44.439697
651.8168
568.8708
468.59515
837.52014
168.72913
419.8835
309.16068
342.99466
644.9821
922.25073
28.066545
277.20056
643.3518
825.4933
517.0913
566.57166
250.83003
7.7328596
685.26013
699.96185
794.67474
277.79828
585.8479
141.36255
355.04898
259.8498
337.8984
966.9689
737.9391
593.2359
542.3802
693.00665
470.73083
944.50616
659.4031
6.890113
987.2039
804.4052
133.65002
537.1491
18.366405
203.43607
194.645
867.1147
336.13483
540.6658
288.95694
299.54388
264.34723
327.33228
833.94617
738.8728
555.2011
707.0639
645.3682
717.55646
851.74603
602.57166
301.839
534.0554
664.1841
225.66624
908.43005
326.54874
380.8732
449.61282
63.54142
335.6291
239.3091
874.9743
773.75183
456.07077
327.06006
866.6755
356.00797
906.4403
603.0838
204.58392
701.40045
379.7515
743.35876
380.91855
247.42603
313.83057
647.314
368.84116
684.38873
961.72797
840.6121
597.84863
433.3888
667.35724
737.57184
941.0393
232.17809
134.27731
736.97906
103.67342
602.1412
144.12097
279.4196
833.0605
973.92346
429.3958
329.33725
235.28598
713.188
601.19824
131.43268
406.92712
717.98285
722.75433
157.6178
122.62578
892.4724
39.07399
151.05177
489.92184
654.09235
208.49338
449.08798
411.11313
650.0305
130.65521
210.84239
829.0135
49.303654
255.10384
245.28986
761.78674
991.5912
164.6213
918.9389
824.1625
712.169
482.8831
354.95773
127.08854
843.18036
91.057915
952.9137
988.6864
215.60925
462.09363
375.19824
848.6135
62.53947
261.88165
912.6941
187.3899
387.8701
66.97863
902.8382
275.93768
709.71027
477.56113
530.6881
890.4724
329.26645
99.621994
133.74599
404.32156
693.3165
363.10648
535.013
712.8604
909.5368
630.23773
48.79213
263.19873
731.41406
759.3841
323.47748
567.1296
884.2309
391.3229
990.84564
706.30914
659.9068
147.8717
369.55157
139.81479
270.84067
480.29425
704.5687
415.09357
756.2112
644.8634
742.90063
217.87523
335.0685
479.97513
747.62897
747.1024
722.0355
518.69183
649.8728
914.2021
677.0812
113.005806
991.20624
905.4277
360.148
428.66193
152.6534
696.6703
812.09186
428.76688
548.364
100.75728
439.58902
389.15488
598.3438
148.34996
539.95874
198.1737
166.17686
461.9358
337.24945
733.39856
175.60736
369.38956
382.7795
266.44418
859.4903
570.0812
955.29285
511.18082
840.59906
362.33752
689.71826
198.87817
246.68329
290.4882
533.6799
292.25903
838.4343
563.3474
127.78651
982.81354
156.83626
821.6626
374.95663
418.10062
407.31656
441.17206
591.4197
456.15778
394.2025
251.34322
445.8517
695.1473
588.4236
550.0441
433.2883
749.0751
381.69812
725.4322
818.5449
956.0566
327.04868
278.75516
483.4159
615.0929
151.16765
283.06558
295.27353
901.51117
271.0894
966.14355
544.17224
287.94617
338.63806
430.4736
76.38927
419.11096
957.1162
505.0048
208.48253
149.74774
416.50845
88.25323
95.4715
135.50116
569.4673
395.54453
897.53394
861.9309
80.70701
920.6082
976.5343
645.7233
279.66156
697.64685
261.2438
799.2334
145.54755
962.1861
762.9071
755.58936
450.17892
407.5719
97.22298
158.53708
610.66144
403.04526
991.16455
549.8749
225.2859
368.89282
538.0783
747.07837
980.0945
321.91556
579.2708
168.72699
164.46806
15.432378
406.65646
975.5086
702.7191
613.1509
895.3511
875.7177
146.69081
877.8707
550.6976
459.24316
682.9199
823.3978
16.58787
404.4145
209.68845
57.249577
164.69212
518.1383
771.17535
880.76013
8.2368145
512.977
35.02822
497.98773
911.0579
156.44102
604.4857
532.9551
805.34595
148.856
570.95844
335.60968
49.89505
683.03094
442.37714
830.2686
457.6637
141.02756
580.7717
455.60614
61.354652
349.94095
533.16895
278.93762
411.5886
810.0461
840.4188
488.5867
565.8952
781.39355
625.0784
158.66487
278.2514
19.606176
512.3103
826.039
583.3282
161.69904
9.550794
858.1832
786.03204
298.83243
979.86316
356.79092
323.67282
462.67416
170.31938
359.1599
903.8425
272.57538
27.707787
407.32156
664.0866
362.42413
480.13168
549.209
901.46094
640.2981
253.95753
226.16476
279.03113
713.69714
401.34683
444.6412
487.71957
253.76752
858.71594
381.02692
634.36786
306.63538
99.547424
320.60962
194.45457
544.6795
29.629074
19.183641
771.2723
711.8209
344.42688
190.8153
229.85112
12.003575
603.3532
221.99365
905.47687
815.1223
153.04918
175.9086
683.21906
291.21017
367.62726
491.68488
67.70401
925.29016
512.16156
479.5472
93.27705
836.28235
397.63513
433.21188
451.6204
664.79065
79.568985
130.06215
96.26996
779.9191
612.0496
582.5914
318.91763
54.741184
962.12695
7.664911
122.60522
797.30963
750.02795
207.62524
359.1401
585.5304
104.299446
44.210636
119.60574
443.46677
626.00165
50.195934
558.2179
757.54663
693.67944
212.40825
843.78076
451.89642
554.0398
453.03165
914.37573
884.45935
957.2838
299.0408
486.6569
582.60547
105.38705
46.313004
300.00684
121.0968
484.48694
172.33359
171.97804
562.1515
123.56639
187.7154
201.23898
519.3799
116.16394
716.0801
387.27917
857.0779
832.71454
881.22095
327.13834
619.9681
399.22568
681.06226
767.8029
563.56165
553.2582
513.1529
148.62968
294.94122
898.5743
684.42535
956.2475
816.5342
910.35455
496.51462
552.24036
404.1926
499.78946
930.44946
718.2653
558.45886
629.2095
343.4527
364.82358
86.794586
723.48663
130.94292
77.51734
672.73126
497.81882
190.21593
404.3773
602.17896
805.3899
300.54224
338.5009
393.86832
669.0799
274.5816
889.2156
365.97977
963.8287
81.39514
585.2322
230.44061
953.28595
707.99304
111.54729
336.13245
170.77184
98.72161
468.88226
230.63826
830.3335
296.65692
985.4387
655.1043
949.9684
983.2463
697.5465
784.49023
763.34326
922.76495
889.0845
639.7382
307.00192
233.37213
881.2538
395.9993
361.4542
422.0429
821.20233
278.74033
521.9649
992.23376
235.76967
411.50903
810.47675
424.48074
553.5184
864.8626
681.4822
878.91705
753.3512
190.72238
416.89093
931.3418
226.9342
539.6655
460.12744
233.18355
861.44763
554.84204
179.89548
608.97864
803.71893
173.34174
297.54205
849.4739
770.0517
204.32321
830.5337
815.3856
607.8248
563.3036
128.31024
499.22226
690.31647
823.6901
553.5619
867.5407
508.8125
666.75867
73.164314
964.494
978.17017
940.0275
625.3702
59.498215
763.09753
591.0516
491.21448
282.4873
696.73016
763.8183
788.9569
344.0878
593.5953
392.98825
506.59583
126.18613
264.76733
725.475
277.89685
801.2182
907.51935
549.70996
822.51733
591.5628
697.65497
39.287434
756.32355
759.5408
190.24298
727.489
551.17084
311.99393
413.0917
960.40344
413.49957
517.7991
252.91422
537.8687
611.5755
602.0117
635.46094
781.3445
649.3199
713.8035
864.4666
469.1559
813.46
126.42526
788.04614
333.636
902.4835
259.91196
231.64778
946.46906
252.74797
960.2989
345.5611
830.9714
888.5869
242.41132
694.75665
631.1552
608.29315
318.30527
727.43665
464.97876
427.73795
104.076584
316.38766
90.06067
623.516
831.08417
295.08344
907.6257
610.4703
828.4433
36.25035
559.1287
845.5109
920.63306
895.84937
621.6477
963.24426
308.45502
247.94118
856.192
504.66803
350.42853
984.2743
270.35458
936.7755
871.823
955.76117
153.89758
650.2505
345.43558
853.50714
750.68787
193.27965
647.68726
899.72363
254.77452
572.5308
733.0106
576.84784
351.25714
176.19308
720.938
289.6325
622.3823
315.76425
531.9605
69.626434
217.6193
504.21997
24.110779
619.402
514.7846
290.87607
605.8938
664.7485
734.20215
187.52371
366.97333
557.57855
202.85063
391.74414
632.3595
551.42474
44.56874
947.5188
833.15564
41.27989
432.26147
923.31274
54.681522
393.92227
803.20026
712.57874
823.5932
631.4314
754.855
191.9758
785.82324
178.21994
456.5286
630.8801
929.4452
878.97266
642.3299
718.0132
871.54767
547.1436
887.7678
14.28547
698.2578
586.1292
62.469376
177.70502
230.28815
135.63445
338.26273
601.15936
58.512238
473.7145
482.28992
947.91254
365.74536
211.87903
300.82806
186.2688
669.11224
493.72226
293.6726
281.62863
355.9077
759.3105
533.00024
858.2637
434.1097
858.05475
627.1533
711.22754
827.5023
516.2989
629.71954
567.76654
890.9619
605.88043
136.3131
297.0794
172.01405
137.87682
639.68805
775.7125
644.60364
930.55646
997.89185
283.9199
188.97293
556.4054
323.64093
268.95734
935.943
740.8762
161.18477
521.66547
303.09415
360.58575
337.44846
331.59763
238.35953
254.17372
910.9018
300.07227
991.7529
353.63766
293.1826
278.68442
827.46783
655.90393
224.46349
992.3503
341.04785
762.4187
256.05853
959.79504
538.07135
977.9081
68.45455
505.69055
601.1526
751.5053
702.5373
41.21647
259.5495
650.7845
97.613144
898.6764
210.56808
667.70386
677.5356
489.96707
466.26492
687.01715
992.5507
433.98633
121.18067
196.17738
78.792336
70.43115
438.20984
627.17236
561.3278
932.0971
451.88828
150.3529
713.04297
835.2886
159.64322
794.9537
124.26698
665.66376
666.0436
284.91815
216.18288
954.4209
403.14896
539.62286
113.38447
741.49896
576.4692
256.96564
487.51132
512.75995
471.15814
696.42706
222.7498
552.4343
725.8294
727.28186
795.3779
532.0235
302.7407
500.88364
397.43088
138.65656
560.15894
829.099
498.3744
467.69672
395.96695
225.15079
18.199095
977.21277
892.98395
600.14105
191.04817
12.421164
29.489363
218.3464
555.3757
129.28346
966.743
365.61136
971.2436
543.19574
250.87598
604.9094
651.9026
773.54596
623.7278
734.10535
326.64105
63.660328
122.97035
680.0888
100.2023
800.8053
163.15677
200.95354
652.41315
677.19885
778.3974
879.3993
248.35876
368.38153
798.1728
492.69827
984.1376
846.6056
892.20306
612.9509
305.8285
562.11017
110.65668
648.858
385.6887
161.79582
129.62553
138.044
314.77667
273.25928
394.0067
68.69971
98.01988
748.8401
544.15027
33.13721
92.870125
594.064
811.43835
448.85815
35.99977
723.46594
860.3078
733.5863
364.50015
452.07565
717.7799
71.97497
822.74976
115.77044
387.15698
136.37013
60.318253
386.49673
263.47504
563.30365
23.696886
89.338684
236.24608
220.59175
232.84857
465.60007
811.3184
91.52652
266.7934
626.20105
556.55597
744.6561
830.4357
241.92668
697.36316
459.34125
474.13614
950.4479
727.897
588.38
721.63477
479.12497
6.791706
947.79205
806.1438
167.1675
518.6781
477.20392
955.0848
722.49713
251.75217
670.3711
614.8977
706.84674
204.75844
68.869156
154.61362
540.2924
675.89166
903.61115
516.679
524.3844
646.66254
847.4969
174.82356
253.49828
663.0837
220.33553
713.393
73.064476
28.286306
497.69122
677.1727
931.4906
914.40405
161.4692
172.08147
113.44664
640.8327
791.9164
591.4377
186.24538
891.28485
967.0232
871.2728
882.5929
285.60355
645.47894
649.105
770.2826
958.17975
817.7748
438.10336
681.75073
810.2194
214.75017
578.6186
321.7381
908.8899
431.34244
731.93756
378.80988
664.2202
41.915985
876.3775
166.3816
226.70753
706.1132
604.84454
193.15526
331.25717
58.3339
551.1387
616.15216
874.3229
980.6023
807.79565
828.70703
579.8104
380.6253
875.80444
261.44992
431.9941
832.3223
209.22568
720.6328
474.7875
72.009476
784.67865
168.86145
246.84929
853.7118
560.11536
317.19977
546.3979
415.39792
989.2931
164.1564
798.1866
345.50983
814.3834
41.375435
921.10345
461.308
333.1976
188.02028
775.18384
344.00644
808.0007
118.12755
670.5317
398.53516
959.20105
118.37825
268.84616
806.1917
812.3751
678.8474
534.0601
659.7481
314.56018
204.44707
756.886
742.6138
71.44264
460.8915
224.62
984.69904
466.54648
387.28073
375.6308
874.65924
213.22054
290.23062
479.45016
897.45544
785.285
543.5944
408.3768
210.1242
590.6094
534.08167
139.30124
411.54068
280.01456
716.1753
409.72183
193.04123
348.7963
413.1209
765.85095
576.1681
89.48019
737.39655
638.67236
573.78925
683.46136
54.253563
268.59708
56.62695
545.11304
139.12517
425.55087
810.3541
859.9304
11.939798
828.30426
113.05998
29.821358
654.38324
873.85254
355.96744
404.37927
346.5761
685.0954
679.7213
339.18802
802.37
750.2887
19.648197
880.5434
678.4055
586.71173
168.69276
67.39073
453.89206
873.97644
615.07996
631.3286
690.7188
264.7789
939.02594
692.35675
693.9234
710.2639
766.93225
98.25741
634.9434
953.68555
291.16898
605.4745
991.40594
634.13293
165.58636
385.52252
572.7207
56.930454
932.56116
530.23004
543.0553
405.12473
843.72644
123.65556
580.6012
36.34077
119.012436
267.5868
486.19244
804.91077
767.5661
254.11053
690.7086
551.5194
386.89188
879.5986
838.6179
900.14886
20.132544
399.07263
19.961718
76.62733
542.9366
456.31973
213.81438
190.40564
633.95514
641.6628
178.73492
170.65018
636.8335
293.17233
417.3994
66.11144
928.7001
92.72731
187.95537
105.1838
628.515
578.0239
338.916
756.87524
226.43597
390.404
865.4859
992.38153
924.132
693.8798
662.90015
724.57947
309.82886
613.8299
174.52185
361.55362
466.95496
904.3792
847.3525
410.4629
209.63992
837.2336
311.444
17.57021
673.47864
121.34518
153.5067
98.09487
61.607018
224.41174
174.33434
367.32104
258.06494
7.602326
828.9878
75.72569
276.63184
754.28436
498.51947
531.3085
854.0993
261.761
88.35688
762.4646
534.2262
219.26288
405.41864
193.71506
248.88997
901.46716
376.3649
809.63654
583.38007
383.32037
46.7595
460.28946
810.5452
567.81976
256.25092
27.684063
224.21272
19.952835
35.32505
687.74664
767.0502
542.21686
325.25192
368.56256
728.55286
220.95934
961.86914
860.5923
895.4402
50.33618
702.992
461.92017
272.59357
521.3095
817.3564
393.98807
834.3289
29.099848
395.2301
821.7038
840.48456
879.5352
649.90344
533.4036
222.94142
401.7777
436.98453
669.4626
340.12695
981.3491
144.31636
50.393166
436.67865
438.88455
722.9921
56.437946
144.22969
535.3684
368.2876
484.57867
719.3499
25.91554
888.2275
335.5978
842.9818
676.5187
284.94144
464.64456
418.80777
850.48926
473.1814
85.671936
907.64197
406.36786
956.1958
48.124264
545.0992
336.39047
940.06586
111.610825
569.0444
695.9501
404.71002
204.9931
778.9627
714.31665
649.8522
613.53217
486.091
817.5361
51.113243
807.3505
685.82715
281.34897
998.12823
740.2458
445.4917
148.74275
177.48132
805.75653
453.07327
206.91725
692.9615
910.8919
168.73788
474.3657
843.34045
162.31516
730.74316
425.99908
862.4607
439.3981
906.5941
298.4034
505.0243
16.136723
95.55959
848.6095
302.55145
370.03293
601.74634
58.15825
528.69415
209.89282
20.76131
913.5524
358.80222
903.37915
818.83777
287.31912
216.21768
254.09497
278.7321
765.9326
636.7784
998.5469
876.3961
116.4296
27.511927
653.2108
935.2957
444.3364
200.49744
597.1353
161.2995
932.33875
32.869705
640.15656
544.9367
433.8524
274.1489
977.1807
581.7502
268.87503
490.61395
33.25523
798.9752
404.57077
834.1409
246.95192
354.3637
72.612915
512.80664
38.921104
671.18665
999.3648
879.6275
38.38806
562.0677
763.4253
401.94806
109.71368
426.764
96.942116
207.1279
624.91943
671.1417
590.11914
692.44104
14.050748
267.15228
668.58984
512.6625
86.1244
107.45312
459.62814
536.0714
57.70996
518.991
386.37827
862.169
979.3966
727.9006
365.59296
656.32043
529.2883
621.88544
634.7571
965.9598
416.5561
420.06125
384.5027
529.00214
169.93373
850.48303
497.17255
289.73788
487.0141
136.25916
29.627882
827.21515
908.5339
663.6364
768.2412
8.32497
801.5129
57.129414
815.9411
209.22418
804.048
405.0186
484.28238
972.3876
246.1295
990.1268
896.6759
7.165247
824.37665
150.43916
783.35834
343.73254
860.4287
560.96545
908.3909
548.6792
527.03345
595.0083
346.8354
961.2937
794.45465
648.3921
886.59247
646.6575
256.76578
834.8946
190.92606
77.13456
679.1209
657.1526
299.09302
7.892719
234.9566
728.8664
813.52606
608.62915
549.5049
993.63776
636.579
900.2203
773.1261
262.5669
752.53595
370.04868
201.51602
65.41812
376.97595
485.4073
675.59076
344.58417
874.16626
215.01547
879.8554
811.9059
716.8694
400.91183
167.97108
879.8636
553.2831
366.05197
367.45547
991.90063
815.11224
769.2848
391.61658
283.75342
747.02167
455.14905
903.3119
139.06592
892.2393
666.97076
723.74664
697.44714
767.0954
213.39285
211.06227
985.5751
908.2487
442.98254
551.1877
585.4347
684.6456
445.78568
678.4294
50.159096
224.69272
851.33514
276.77167
41.725075
22.725931
59.285305
807.4836
374.26324
358.39703
309.94638
296.2549
644.486
875.63385
717.2299
273.58734
793.4945
956.037
371.32343
632.75824
19.09334
629.7585
239.26082
3.6765413
671.3885
796.753
360.17157
905.3713
164.13023
340.74667
981.66016
929.6439
93.8772
55.081825
799.48944
403.44287
12.833507
686.71735
211.99788
873.59784
702.8678
800.29645
6.171224
619.0566
936.67114
652.2521
709.3302
910.10266
6.5861306
371.80087
913.941
380.0429
376.33383
661.9864
545.1159
410.96698
278.8168
320.98907
245.25272
285.066
753.4761
425.3211
756.9976
17.75087
775.33167
812.1525
483.99918
545.22833
16.374367
16.939535
555.3489
769.52673
74.87556
64.4781
120.36123
935.47736
50.069214
426.8832
52.160732
657.53357
562.271
643.9083
116.75903
692.49066
193.91605
367.63165
198.44986
348.61166
236.1503
726.6557
255.53734
108.1794
377.49707
479.48135
354.55313
639.8916
232.1934
766.20917
555.71375
743.55023
307.0752
241.84645
758.6117
52.880398
963.9617
593.0914
717.02875
287.45508
551.32855
527.45996
393.1993
914.6798
421.99237
549.7006
568.1713
883.4559
983.15216
556.8412
304.24786
344.0037
171.34189
403.7476
306.35208
848.47046
345.46286
719.13684
744.0169
652.0033
956.5338
248.53276
435.41718
685.6983
530.5378
97.859375
510.82254
281.17743
390.97632
887.8643
135.78905
202.03828
255.65286
296.90518
253.91689
636.7434
765.35077
323.26492
70.93523
380.62048
690.31616
544.4261
159.00807
781.66925
440.16898
305.68478
296.57355
397.87387
995.987
176.50339
522.7484
898.51245
72.261665
761.247
330.88434
276.64316
880.4342
436.14053
591.943
396.25082
340.79077
306.76364
191.66914
670.42755
289.8816
249.96075
995.5291
731.4288
614.84656
119.95568
349.396
658.2335
280.91064
190.70099
524.9954
804.8381
881.9154
248.8356
758.5718
663.1684
150.98514
805.0018
330.9256
65.75936
442.7105
174.45116
789.18585
33.62102
611.2007
488.8239
402.7936
778.98676
496.37534
21.923119
567.1524
349.3508
784.31805
23.864613
944.49817
564.7443
861.56384
751.96185
848.05597
308.83054
325.99713
122.14012
241.91988
622.29083
160.0242
964.5691
343.47263
217.49358
596.814
690.6026
57.264122
306.81467
281.22028
16.472773
442.87338
377.1596
38.065063
299.24548
674.9752
819.9085
169.76566
505.52502
494.29877
54.05353
419.52118
139.51874
584.03314
762.67914
225.97458
157.53691
415.48016
686.48596
153.53716
298.9356
825.2398
427.26093
379.07922
708.13165
675.4058
457.2666
650.96576
292.8198
419.61005
178.03278
93.03714
459.32047
861.41406
718.84753
465.61826
742.9235
857.10815
670.8142
737.64624
17.034067
777.2474
742.69336
478.72336
358.4757
192.47887
622.2779
874.2435
795.2563
802.9295
115.74504
847.3411
478.14807
901.8189
353.85178
83.20927
695.78424
796.40247
111.29874
620.80707
962.30975
967.3983
78.97378
718.53723
142.79132
585.5461
343.33417
296.45148
895.0382
608.2572
259.04144
335.29095
700.44055
114.59814
414.6712
83.44136
131.56465
217.78528
825.36316
410.79526
425.47244
701.24945
235.77687
416.83383
915.7008
399.76242
766.6035
159.07793
885.097
586.98395
378.57556
234.92555
397.2626
256.54944
989.9407
557.3203
963.4139
281.21634
736.38336
277.25247
407.34262
667.94855
986.0851
299.07925
656.3896
322.00662
100.706314
69.6852
780.43225
281.23453
619.6774
82.65268
207.58191
141.77542
204.653
890.9041
382.83972
807.361
437.8733
714.69196
686.3812
383.76477
117.66556
617.96985
979.971
523.78143
843.75507
574.31586
808.1981
350.32837
145.68535
212.08437
214.34181
865.8866
856.3228
92.89969
484.0263
411.27322
642.93085
963.2416
563.098
953.54114
138.12846
353.37982
212.398
695.8916
556.546
720.5954
831.63947
993.10297
62.253784
65.77653
138.38452
547.19073
841.1936
740.2067
637.74945
248.26483
701.5125
242.39296
285.48587
449.80377
558.25195
144.45547
968.239
641.793
708.7696
133.44016
322.87943
825.9551
129.36494
733.811
823.466
546.1383
723.22687
586.73413
746.1977
914.3111
575.392
303.27286
969.03735
222.77608
126.40833
768.27734
909.4493
562.99493
893.3204
42.442947
309.9263
932.89624
438.96573
656.9763
106.74323
471.9575
419.2291
966.02234
949.1481
484.6137
697.6066
346.82208
188.06296
372.49948
958.9582
155.31259
402.82812
178.29004
193.96545
703.7417
48.81937
384.57443
643.9009
96.09723
105.33269
791.96454
709.22186
985.19867
880.00726
311.58105
22.798111
250.41983
142.2612
239.02531
349.8032
922.4545
881.163
781.8088
356.3077
463.03287
120.9255
88.743416
118.48357
634.61127
636.0657
34.319824
723.3925
28.820839
891.7427
61.73177
52.211754
679.91656
283.17926
211.6778
894.41595
326.0018
208.36272
290.48715
873.147
669.9324
617.6931
248.35478
483.14792
468.42038
663.9006
879.4113
104.71853
430.74695
120.79098
963.63464
956.3074
843.90894
78.11541
672.6263
836.1573
461.71603
481.64337
669.75287
795.43713
305.94772
644.7528
205.0778
451.75232
232.12146
856.4848
49.14439
849.5804
285.8293
724.03284
784.52734
860.5687
978.7198
377.5034
486.9375
809.4838
551.1492
621.9107
997.738
667.3535
499.9556
19.970657
131.58336
144.93547
894.9899
931.15625
221.64073
837.1907
927.16406
778.3777
985.2112
84.21831
35.141766
284.83463
684.21826
692.015
235.58138
805.0951
189.44655
448.51
311.36514
500.9203
393.34213
933.12524
926.13086
459.1243
377.20633
165.98553
949.0364
558.53705
629.9125
848.8579
954.07263
743.7015
790.07544
983.68994
428.86374
195.54128
376.96756
539.3743
657.03064
59.44326
770.0228
964.1141
96.20916
267.4222
480.86115
429.58966
686.04913
4.9929643
467.3153
582.5142
442.63428
156.09245
163.11649
541.52386
983.137
976.0678
268.7911
936.4744
806.777
771.92676
531.7102
846.1384
822.553
173.91406
955.82043
845.9979
934.37823
372.1409
758.1487
547.53687
671.95667
31.734838
784.9897
604.0602
342.34222
829.42535
518.8398
18.644459
246.33472
227.78232
158.98375
143.94722
779.64453
736.25256
673.5002
79.96398
301.0874
728.6402
128.63074
733.5732
947.7606
314.50513
670.5303
350.62198
585.78076
449.4974
439.75012
871.17395
308.28592
863.69916
976.7185
969.3204
625.3884
822.874
132.28664
518.922
287.47333
554.9961
43.535854
456.07767
824.7537
188.59093
241.18204
513.1054
211.56807
130.56204
279.1734
821.7402
662.9618
735.1311
928.6446
872.35535
455.90805
749.3121
267.1732
899.5759
736.30225
137.5338
982.9869
59.534332
394.46484
753.7739
720.59515
608.2318
885.82355
386.40305
497.69675
961.24744
616.12366
985.88043
632.55066
498.28506
393.33868
307.68887
282.8181
540.3269
977.3891
45.78926
140.04541
868.5227
915.3716
894.92084
80.42156
731.2416
279.15808
701.784
707.5243
640.0134
349.46106
782.8168
660.1393
14.068332
587.4851
85.8228
59.392178
218.71368
840.70544
18.320927
771.1586
181.88245
365.7664
878.61945
684.8766
320.70035
321.40427
376.77603
926.3702
185.42749
449.51373
80.52837
972.9532
592.259
722.52167
603.758
400.2147
194.54976
871.29736
599.69366
97.334915
900.68494
139.46736
646.1839
40.346485
803.8495
474.66782
947.7936
129.35446
653.315
646.1886
446.58157
979.09814
334.23077
561.19086
505.6987
872.82916
316.3724
391.46347
302.38535
646.712
780.3769
489.30923
210.40996
56.62057
770.18384
90.78957
131.48979
612.0094
792.1019
714.6609
340.48483
242.61339
351.17346
424.5426
648.4944
531.96747
263.09537
728.6492
637.7709
307.99716
11.408365
82.55731
878.6883
719.9238
111.76061
529.85986
931.641
598.397
389.43192
76.174095
44.500313
983.4276
768.0803
544.06573
392.10928
493.72763
194.9503
192.37378
771.78064
802.4692
762.6607
654.7998
261.56412
328.00385
967.72235
738.1692
816.2306
107.47857
204.96086
368.45245
127.06088
121.47726
189.21272
926.52075
110.824104
575.6692
266.0028
80.0187
983.57434
815.2335
864.1933
864.6598
188.56685
499.3694
557.5442
161.2241
94.89328
283.5985
355.81653
601.58154
81.49582
783.07043
267.397
154.85042
408.72818
849.986
947.4445
470.15283
307.40015
358.6761
875.93976
178.018
506.09656
765.628
385.5039
515.3641
250.6399
604.0515
872.2204
89.81033
737.8577
171.89961
598.5753
898.02747
962.63184
557.80396
788.3244
918.927
803.09247
990.5958
805.1115
235.94878
719.80316
354.18503
845.30505
463.11893
123.0113
77.15399
55.79344
465.96378
977.3805
236.36386
566.8011
46.719208
24.755402
814.1289
308.10205
952.5105
575.0668
436.03165
81.35813
885.07227
987.67505
566.01074
537.88055
968.97253
274.11075
925.46875
748.1681
423.55103
600.79834
250.80124
210.77611
182.50777
190.5702
593.1461
636.6223
595.9067
25.851824
538.3049
67.86316
446.018
76.54859
894.19037
500.44995
854.27496
998.2974
328.6486
676.39
501.0228
782.6203
245.77385
708.15875
310.27292
323.59967
864.823
82.40681
656.2315
815.36914
736.5351
87.54793
123.999
427.30072
324.49255
545.4992
719.4784
127.97462
212.21132
306.3675
254.6537
904.52325
334.47617
616.3237
673.4123
294.09805
756.6411
441.18875
115.45251
431.7353
358.9052
616.809
867.6164
282.50418
480.8452
232.82591
541.1509
625.9001
600.67694
798.51917
282.55048
696.5907
322.533
761.531
850.0425
112.25163
474.61472
566.09247
870.69794
109.739784
285.74588
581.0264
611.7147
94.01304
926.1671
565.52356
963.9202
541.1342
765.32574
943.89233
388.01035
896.93024
110.36986
291.8105
402.01648
966.6848
807.2248
842.0841
226.16983
468.8772
225.42502
168.41478
121.6603
67.87198
211.0336
904.0804
450.17203
420.57385
890.1362
496.52756
86.94753
237.42798
62.098576
304.0812
486.85675
65.99164
766.6337
903.65753
191.19987
110.74346
141.63797
236.45601
29.893837
711.1146
68.87065
863.8819
446.97974
194.16228
944.1399
571.19977
766.9362
856.38165
803.99335
79.739395
440.6337
304.81613
391.15567
959.6174
740.2015
929.43146
742.953
805.8921
997.1156
913.78284
437.12567
989.9252
564.31445
966.2171
808.00824
363.1872
973.4582
490.54852
306.34195
164.3547
509.01706
451.31076
597.59985
896.0128
347.1255
558.8795
740.46497
645.3759
488.85266
84.420784
230.2432
918.24664
519.3762
948.5389
578.4973
326.682
751.2619
474.7296
34.29008
627.4106
741.58093
655.71216
209.53949
684.2194
855.4748
541.85315
151.46877
716.8013
488.95203
758.89026
814.8131
715.2213
78.36849
459.67432
544.151
935.8605
193.405
626.80566
106.88646
91.95156
474.32474
355.8478
585.05
66.37322
173.03436
191.62032
457.59134
607.8571
101.01346
978.5056
503.77344
219.98492
113.13246
239.9487
740.78033
908.3876
318.15988
62.273098
124.955055
203.92761
171.33742
571.1977
14.085915
582.199
539.5941
614.163
965.0154
68.66418
649.44556
100.90486
212.38542
57.707397
39.312706
206.17429
431.15958
797.24664
755.9832
729.6513
814.37335
671.7714
254.40308
696.57434
438.36676
653.4154
178.19026
114.621445
800.11597
622.16504
673.2643
496.03403
64.85099
256.6191
251.70764
623.9404
708.0182
716.35187
652.7261
300.27838
248.16893
932.0401
162.24245
4.1817484
433.6756
250.22159
545.63446
416.1286
200.43152
85.81117
145.12793
635.1174
150.0484
813.06396
970.6925
126.25336
805.7636
155.60632
772.9393
876.7837
987.52747
160.59212
152.66467
87.48689
774.0732
227.3608
686.63745
251.50462
29.358292
41.294373
439.8391
452.44623
711.1005
698.04913
531.5825
929.7519
746.45953
245.32526
494.8482
751.4188
983.4861
88.159645
181.32086
312.64844
420.12067
986.9539
924.7063
104.90938
614.7318
919.942
287.44638
609.32825
236.3939
422.3929
504.98642
366.5691
49.89642
606.62885
600.535
523.53156
428.66986
389.27277
896.6709
847.1242
601.8144
651.41534
92.802536
950.88745
695.944
345.7876
371.07352
381.11377
736.22754
131.1042
100.694336
746.09973
313.55603
329.65155
434.35324
777.9239
434.8538
30.56707
799.22894
597.4569
561.8748
67.85624
364.46295
1000.3812
296.63995
251.77386
570.28253
532.4131
560.71906
770.27264
985.55963
249.06937
64.609055
172.48296
555.13666
489.66107
381.47592
219.68256
15.871126
351.21588
855.9778
478.95743
519.7216
456.14725
917.613
471.1419
707.53735
909.7776
544.3837
28.125017
666.7334
242.95735
458.36118
459.14325
590.85504
897.84174
309.74786
469.568
218.74908
55.99741
715.86725
343.2327
318.92197
845.19775
760.9412
181.50426
322.60547
22.01634
611.2253
766.4876
21.09599
594.94476
644.34644
719.71185
729.1712
857.2473
866.2942
474.26538
389.759
486.47177
866.3679
252.56445
128.61763
182.03194
442.3502
482.8617
135.71043
128.00584
22.78488
617.86127
888.26227
257.62332
733.42786
898.8086
651.7824
829.2959
855.1697
474.15628
310.87466
773.9153
815.6091
491.45535
594.3954
855.27106
767.5226
328.37125
641.09705
221.76137
234.88448
792.79895
852.2843
547.69836
355.96375
634.53156
567.6265
308.42816
