0
2485
5194
7810
12923
15124
15734
16951
20128
20715
22434
24440
26913
29052
29861
32190
33506
33978
34162
35508
36549
38005
41825
44866
45371
48419
48855
49299
50662
52041
53415
55875
57096
59220
61545
62244
63643
68224
69050
73833
74566
76548
77400
78795
81834
82243
83435
86823
91161
91524
95623
96274
97367
100388
103753
106583
111022
112891
113224
114533
116549
118807
121223
122762
127713
128871
129631
132625
133569
136263
137562
141708
144808
145390
147676
151772
153436
154875
159887
160554
163794
164075
164296
167732
170239
171158
172274
174932
176594
177346
179169
179907
180147
181773
184154
187971
188977
192079
193564
193636
197272
202045
205012
206297
209374
209751
211686
213070
215365
218807
221675
224620
226322
230144
231033
233269
236720
236781
242106
246568
246993
250439
250580
250622
250953
252473
253899
257330
258315
260255
261911
264242
268769
269025
269756
272436
274911
279452
284089
287354
289287
290161
292721
292967
298169
299378
301977
302237
302721
303027
304199
308903
311571
314341
315630
318751
320426
324449
326801
328462
328637
329169
332637
334402
335793
337856
338086
339994
341919
344667
345108
348418
348561
351032
355242
356007
357143
358149
362219
362607
364823
365810
367570
368382
371399
373965
374128
375600
378369
380668
381437
383810
385348
388842
389741
390675
394283
394506
395518
398167
401100
401857
402859
404748
407548
408682
409937
411987
412378
413784
415740
417985
418214
419516
423962
423996
428108
431199
433672
434709
435493
436082
439317
441165
441609
444256
446787
450795
451211
453233
456244
456294
458751
459122
463762
466014
467108
468150
469547
472282
474742
475475
476071
478673
481729
484063
486597
489901
492393
495071
495369
495786
498545
501317
502542
505421
506578
508545
511079
511619
514534
515695
517400
518296
518406
521245
522751
525258
527957
531347
535191
536890
539342
540269
542401
545273
545768
547590
551761
554034
557684
558297
561801
565491
566567
569002
570291
570590
571388
571525
573955
574542
576145
578348
582201
582456
584708
585974
587308
589916
591163
593127
593207
593921
596050
597778
601828
604744
605823
609299
612003
613939
615827
615880
616320
618580
619519
620021
621686
624614
625184
628367
629559
634791
636751
638068
640080
642981
643491
646697
647710
648127
649238
652652
655312
658802
661137
661475
664074
665621
669268
673574
675314
676864
678527
679328
680591
682572
684116
684904
686972
687073
690204
692003
694385
694420
695128
695272
699037
702144
703458
704045
707050
707587
707936
708602
710936
713482
715767
718723
719476
721839
722893
724015
725486
725526
726929
727997
728134
729689
733241
735362
738625
741630
742091
743527
744047
744404
746096
747415
748540
750832
752504
754265
759324
761191
763675
764838
766160
766297
767535
767748
768910
772929
775538
777936
778972
782672
784136
786428
790529
792706
792862
793872
795608
795829
797068
798894
803045
805839
805909
808873
809180
811704
814952
816124
819620
821083
821318
822407
823009
823976
824360
827304
828320
829928
831862
832747
835262
837955
838130
840297
840932
842005
843749
846492
848881
851931
853149
857160
860664
861591
862927
863076
864782
869024
872514
873634
873707
877594
880126
881803
884018
886369
888302
891458
892179
893187
893432
894959
895183
896278
896393
897923
900231
901796
904120
906193
907392
908550
910465
913781
915803
918241
919459
921197
921332
923211
925142
926513
927199
928728
928850
932602
932835
932978
934562
938579
939440
940662
941692
941815
944090
945829
950320
953333
954250
954888
958006
960093
961989
963464
963902
964129
966420
968184
968836
969323
972050
972249
974628
978320
978647
979506
980330
980935
983396
986577
988552
988782
993930
994002
994578
997459
999637
1000648
1002535
1006214
1006991
1007156
1007618
1009454
1009677
1010116
1012850
1015998
1018710
1020166
1024308
1027207
1030951
1032741
1037706
1041525
1045431
1047737
1048596
1051183
1051794
1052194
1054403
1055464
1057802
1057958
1059273
1062039
1062122
1063738
1064115
1066936
1067730
1072190
1074262
1077002
1078669
1083305
1085191
1089220
1092327
1095215
1097933
1101352
1104836
1105665
1106294
1107780
1110940
1114619
1114744
1118599
1123075
1125795
1129118
1130589
1131987
1133796
1136683
1140136
1142991
1145231
1147517
1147786
1151281
1152206
1152746
1156532
1157577
1158569
1160624
1164380
1166473
1168182
1170562
1172824
1175432
1176292
1181429
1182355
1185769
1186526
1186582
1187246
1188051
1189572
1190175
1191813
1192761
1193198
1195787
1196319
1197650
1199542
1202048
1204298
1208541
1211361
1215541
1219382
1222642
1226633
1230397
1233657
1234186
1235939
1239856
1241568
1242041
1245280
1248971
1251089
1253283
1259047
1260616
1261789
1263409
1264861
1267586
1269298
1270130
1271051
1274050
1275274
1276667
1280820
1282007
1285821
1288759
1289682
1291391
1294584
1295989
1297913
1299758
1301195
1302392
1306355
1308249
1308686
1312900
1316228
1320202
1322403
1323363
1326280
1327821
1331495
1332975
1336678
1338924
1343226
1343785
1344577
1346142
1350245
1353424
1353742
1357484
1359070
1359467
1361072
1365314
1367074
1370670
1372734
1372882
1373868
1374751
1375774
1377242
1379326
1379893
1382201
1385627
1387655
1391296
1395004
1398381
1398661
1399439
1402849
1402919
1407185
1410452
1410954
1412184
1412476
1414578
1414827
1416394
1418819
1419414
1420280
1421510
1424336
1426163
1428702
1431055
1433805
1437669
1438754
1443225
1444181
1444244
1446247
1447218
1452300
1453437
1458709
1461273
1463067
1468028
1468432
1469283
1469465
1472925
1474560
1478762
1480262
1482180
1482806
1484585
1485244
1488942
1490718
1492456
1494350
1497268
1502485
1502829
1504598
1508265
1511063
1516390
1519632
1520208
1520828
1522299
1525423
1528957
1530918
1535399
1536431
1541182
1544499
1546019
1546657
1549281
1551207
1552501
1556082
1556558
1560688
1564322
1565382
1567853
1569177
1571346
1572579
1574179
1576765
1578393
1579797
1581450
1584143
1584793
1585477
1589049
1589225
1592154
1592588
1593888
1595968
1597266
1598158
1599034
1600982
1602226
1603818
1606035
1608724
1611917
1612300
1617187
1621779
1622136
1624684
1629549
1630113
1631362
1634078
1636664
1640339
1644162
1646182
1646550
1650746
1652289
1652439
1653625
1658187
1663197
1666451
1670527
1673551
1677299
1680667
1680800
1684175
1687027
1687484
1688048
1689860
1690755
1691833
1692607
1693139
1695064
1697678
1701304
1702388
1702711
1702969
1703409
1705514
1705889
1707131
1708438
1710192
1713419
1714470
1718677
1721154
1722759
1723256
1726098
1728032
1728867
1731455
1732876
1738168
1738814
1739268
1740609
1741933
1742440
1746111
1750159
1753288
1758846
1759540
1760529
1761009
1763740
1766120
1768119
1772660
1775818
1776819
1780234
1782581
1784900
1785603
1787940
1789269
1790616
1794149
1794716
1797615
1799756
1801700
1803710
1804468
1806031
1807890
1808490
1810792
1813598
1814695
1819622
1822761
1826633
1827275
1828052
1831983
1836173
1836977
1837331
1839292
1842807
1843502
1847387
1848618
1851364
1855732
1856170
1859355
1859557
1864984
1867735
1868258
1869755
1870278
1870790
1870886
1874347
1878133
1880047
1881428
1882321
1884020
1885734
1886491
1890378
1891396
1894191
1897936
1899923
1900774
1903687
1905420
1907413
1908157
1910866
1912674
1914206
1916005
1916883
1919411
1921478
1922698
1923409
1924702
1927879
1928082
1930121
1932475
1935732
1938718
1939477
1943018
1944233
1945844
1947581
1948335
1949968
1950170
1954853
1960001
1963045
1964630
1964730
1964917
1966443
1966752
1966992
1967544
1967946
1971511
1973653
1974293
1975540
1977291
1977429
1978423
1981397
1983659
1984056
1984850
1986121
1986706
1990490
1991653
1993006
1996175
1998647
2002215
2002453
2004375
2007057
2010863
2012200
2012967
2013751
2015400
2018812
2019711
2021473
2022075
2025800
2028092
2029475
2030397
2031300
2031638
2033704
2036226
2036809
2037007
2039771
2043114
2043417
2043481
2046614
2049710
2052944
2053276
2056672
2059711
2062874
2064194
2066887
2071555
2071888
2076174
2076698
2078505
2079574
2079925
2082459
2083829
2086972
2087023
2087505
2089361
2091106
2092207
2092699
2095638
2096373
2097979
2100955
2104063
2106718
2109321
2110972
2113106
2114338
2117067
2117803
2122293
2122591
2125259
2125594
2125645
2126167
2127701
2128839
2131910
2135073
2140413
2142645
2144305
2144386
2147479
2148785
2150506
2151105
2152294
2152662
2155802
2158977
2159978
2160144
2163252
2165068
2165770
2165973
2168374
2169260
2170679
2171331
2171489
2172188
2176465
2179671
2181267
2182052
2183335
2184162
2184236
2187632
2190724
2192121
2196258
2197594
2200286
2205335
2206300
2208330
2211156
2215009
2219778
2220935
2222143
2223582
2227939
2229616
2230768
2232615
2236341
2238990
2240864
2243525
2245048
2245384
2250102
2250964
2252462
2253567
2257637
2257843
2258159
2258707
2258775
2260722
2261024
2263205
2265138
2268212
2270601
2272811
2277716
2279347
2281902
2285604
2287248
2291333
2292919
2293270
2297525
2298131
2299099
2302080
2304690
2306537
2308821
2311815
2316073
2317482
2321576
2321833
2324455
2324800
2327609
2328214
2330657
2331296
2334196
2334999
2336689
2336841
2339971
2342555
2343355
2344025
2344641
2345504
2345978
2346840
2347331
2347374
2349410
2350332
2354046
2354200
2354685
2357760
2358052
2363388
2365909
2367188
2369838
2374132
2375822
2378092
2378130
2379850
2384729
2385817
2387333
2389061
2391761
2393590
2394311
2395301
2396205
2398067
2399223
2400676
2400765
2402962
2406650
2410048
2410395
2410721
2411892
2413575
2414311
2414544
2414888
2415336
2418840
2420039
2421769
2423610
2427601
2427715
2431963
2432850
2433106
2436834
2437875
2439063
2440795
2442930
2446626
2449092
2451821
2454085
2458373
2458548
2463073
2464091
2466253
2467537
2468149
2468839
2470054
2473969
2477152
2479840
2480795
2483104
2483581
2485457
2485567
2489014
2489773
2493347
2496838
2497991
2501826
2502673
2506343
2507247
2509564
2513188
2513632
2516521
2519298
2520314
2521762
2524415
2525477
2527904
2528229
2529155
2530164
2530957
2535198
2538109
2539646
2540270
2542650
2543519
2543580
2548870
2549015
2549217
2550208
2550379
2550986
2554639
2557049
2558200
2559730
2562527
2564622
2566147
2567337
2567417
2567628
2569989
2570517
2572047
2572769
2573717
2574332
2577591
2581464
2581655
2583986
2585819
2588883
2590267
2594469
2597508
2598313
2601043
2604942
2607152
2608225
2609749
2611443
2613710
2614751
2619634
2620653
2622282
2626798
2628171
2628252
2629810
2630901
2631917
2632539
2633160
2634879
2636235
2638195
2639635
2639714
2643875
2644203
2644308
2646203
2648561
2650671
2654553
2655600
2656343
2658194
2661711
2663566
2665857
2666486
2667213
2667315
2668893
2673050
2674611
2676039
2676260
2678034
2678845
2681248
2682779
2683046
2684268
2684491
2684775
2685015
2688967
2692303
2694371
2696806
2698053
2698830
2702268
2706373
2707920
2708328
2712740
2716109
2716603
2718359
2721747
2724055
2727152
2727386
2729056
2730813
2735917
2739634
2742540
2745873
2745935
2747297
2749458
2753040
2753131
2756763
2757412
2757802
2761051
2763639
2767184
2767298
2768338
2768990
2771378
2772444
2775689
2775882
2779700
2780797
2781729
2785889
2787103
2788194
2789914
2793680
2795701
2795959
2799154
2802129
2802232
2802735
2805594
2807128
2811028
2811918
2814530
2815219
2815545
2816748
2820500
2824668
2827592
2829026
2831563
2833446
2833814
2834845
2835209
2836702
2839005
2839195
2839478
2840660
2841891
2843231
2844468
2845901
2850345
2853848
2855028
2855121
2857744
2858643
2863221
2865297
2868732
2871280
2873809
2875981
2879759
2879936
2880802
2884019
2886353
2887619
2890090
2890602
2893414
2894893
2895017
2898946
2901642
2906102
2910857
2911251
2912958
2913078
2913599
2914488
2918131
2923375
2923655
2924327
2924530
2924637
2928236
2929372
2929663
2930794
2932105
2935408
2935656
2937616
2940280
2942384
2944157
2946645
2949699
2951299
2953686
2953999
2957465
2957655
2961365
2962826
2965063
2965735
2968493
2968713
2971112
2974244
2978640
2979037
2981412
2983111
2985609
2986395
2988092
2988915
2990343
2990484
2993751
2997582
3001793
3001914
3003797
3004031
3004464
3004994
3005747
3008558
3010875
3011405
3014460
3017236
3017693
3021687
3023170
3025496
3025701
3029053
3031201
3031823
3035408
3037868
3040887
3042756
3045631
3046988
3051563
3054635
3055169
3055885
3056871
3057155
3059941
3062233
3063897
3067201
3067282
3070015
3070466
3071655
3072532
3073294
3073946
3076443
3080469
3080924
3081966
3083977
3084040
3087681
3087984
3090820
3093031
3096915
3099342
3100715
3103988
3105814
3108161
3109069
3110977
3111042
3114057
3116908
3117306
3117471
3118352
3119870
3120536
3122192
3124718
3124823
3124896
3126405
3130264
3134676
3136437
3136991
3141413
3143768
3147972
3150512
3152636
3157054
3157990
3159389
3159797
3161434
3164260
3166844
3169181
3172373
3174041
3177830
3181750
3185328
3188104
3189294
3192890
3193515
3195999
3196439
3198122
3202087
3204829
3205161
3206807
3209203
3210591
3215235
3216466
3218384
3220016
3220165
3223562
3224295
3225466
3226479
3227798
3230895
3232569
3235510
3239371
3242660
3242715
3244093
3244187
3245458
3249141
3251358
3251612
3251822
3252196
3256848
3257478
3259676
3261887
3263399
3267337
3269044
3271150
3272576
3274459
3278419
3280880
3284277
3284328
3287081
3288170
3288211
3290552
3290839
3293374
3296925
3298120
3300169
3304293
3308859
3309637
3310062
3314551
3316009
3316111
3319897
3320119
3324282
3325062
3329307
3329348
3330551
3333109
3337459
3338077
3339131
3339171
3340670
3344722
3345964
3346722
3350659
3353003
3355215
3357042
3358914
3359169
3360141
3360346
3361660
3366332
3366453
3367942
3372223
3375071
3375269
3375417
3375581
3376613
3380429
3380670
3381234
3381899
3382024
3382167
3385026
3385494
3388922
3389472
3390824
3391520
3395093
3395155
3396939
3398371
3400360
3401826
3404396
3406544
3407111
3409114
3411222
3411406
3415356
3416317
3420096
3422046
3423037
3423580
3425153
3429031
3429473
3433467
3436763
3440529
3442466
3445244
3448118
3450703
3455009
3457336
3460580
3461514
3464605
3467389
3469452
3471301
3473334
3473995
3476285
3477362
3479986
3481561
3485931
3488312
3491625
3496488
3497031
3498831
3500829
3503390
3504215
3504393
3506376
3509004
3511597
3512522
3513646
3515120
3517150
3517387
3521003
3521635
3523129
3523217
3525788
3527096
3528786
3529515
3534090
3534695
3535468
3536527
3536836
3536917
3538376
3541562
3544674
3545330
3548045
3548684
3548992
3550542
3553414
3554096
3556083
3558059
3559278
3560647
3562764
3563713
3564413
3565271
3566694
3570002
3570890
3573654
3575804
3577420
3578600
3579480
3581903
3587001
3588931
3591514
3595518
3596742
3600877
3602434
3602516
3604497
3605892
3608097
3608453
3612390
3614909
3616672
3621373
3624601
3624812
3627083
3628324
3630651
3630842
3633532
3637244
3639580
3644070
3646374
3646655
3648726
3649542
3650468
3652670
3653747
3655700
3657728
3658449
3659160
3659588
3659804
3660241
3662283
3662439
3664138
3666537
3666911
3667193
3670411
3674313
3675083
3676635
3676746
3676842
3679824
3679867
3683193
3686118
3687780
3688842
3689122
3689900
3690288
3690799
3695297
3697470
3700058
3701951
3704562
3706449
3709910
3711979
3714276
3715906
3716614
3716726
3719917
3723308
3725953
3728374
3730803
3734407
3737927
3738065
3740319
3742651
3743663
3744844
3746220
3746269
3748637
3749533
3751373
3751457
3754335
3754938
3757926
3760453
3761064
3764687
3767892
3768742
3771811
3777023
3781167
3781272
3784084
3785112
3788685
3789370
3789575
3790149
3790597
3791551
3791760
3795860
3796588
3799286
3799825
3800500
3801323
3805844
3806646
3808824
3810696
3812282
3814812
3819435
3821836
3826084
3826740
3830026
3832572
3834921
3835232
3838352
3839873
3841595
3842398
3843041
3844324
3848073
3849517
3851697
3853114
3858258
3858814
3858970
3861584
3862330
3862864
3865735
3867269
3869296
3869959
3870813
3871726
3873383
3874062
3875892
3878040
3881146
3884627
3888283
3889990
3890559
3892798
3894768
3897888
3901099
3904118
3908568
3911344
3912138
3912955
3914495
3919237
3922223
3922613
3925555
3927674
3929789
3931813
3932355
3932474
3933274
3934414
3936001
3940407
3940893
3942659
3946599
3951587
3952055
3952592
3953241
3956757
3961840
3965812
3967887
3969665
3973239
3973951
3974946
3976647
3978152
3979250
3980954
3981093
3983098
3984079
3986456
3987124
3987932
3992758
3994329
3996732
3999042
4002810
4006195
4008658
4008721
4009289
4012522
4013546
4014275
4016780
4020173
4020754
4025146
4025551
4025891
4030365
4033229
4036172
4037066
4039489
4040164
4044439
4047688
4049136
4052459
4054493
4055230
4057390
4057520
4058233
4059994
4061049
4062193
4065829
4066148
4068299
4070519
4070917
4071824
4075286
4077798
4081843
4084276
4086580
4086788
4087033
4088169
4089518
4089549
4093830
4094169
4096078
4098392
4100128
4101055
4101738
4102374
4104422
4104953
4105275
4108698
4108809
4110583
4110803
4111240
4112494
4114274
4114393
4117687
4119451
4121048
4121932
4124227
4128305
4130814
4131903
4134847
4137447
4138638
4139807
4140672
4142504
4143316
4146946
4151424
4152862
4153445
4157716
4161824
4164773
4167105
4170820
4174994
4175749
4179381
4180418
4180596
4181886
4185563
4185982
4189973
4190951
4192071
4194237
4197913
4202090
4204499
4206714
4206990
4209374
4212506
4216601
4219331
4222154
4222336
4223239
4224225
4228088
4233360
4233873
4238407
4242227
4245830
4249536
4250036
4250272
4252520
4256087
4257897
4259135
4261096
4262391
4265298
4266588
4269134
4269232
4269660
4270853
4272016
4274906
4276000
4280203
4281564
4284550
4286606
4290681
4293721
4294561
4297603
4299664
4300356
4302156
4302191
4302526
4302958
4306070
4310217
4310375
4311987
4312714
4314576
4318286
4318333
4319886
4321346
4322414
4323524
4324782
4326680
4326979
4328891
4330995
4333808
4338356
4340315
4341052
4341504
4343848
4344046
4349531
4353007
4355672
4358255
4362984
4363266
4366691
4366979
4370713
4372097
4374250
4376565
4377489
4377659
4378171
4379761
4380634
4381083
4384691
4388426
4391595
4392096
4392496
4396465
4396798
4400741
4401719
4403708
4405584
4406655
4409834
4411728
4413242
4417353
4417583
4417688
4420507
4422096
4424571
4424645
4425207
4426397
4428280
4430461
4430833
4433491
4435864
4437315
4437342
4440364
4440807
4441576
4442360
4446510
4449888
4452994
4456322
4456981
4460329
4462069
4464104
4466703
4469023
4470143
4473255
4473775
4474849
4478730
4480906
4482948
4487854
4489770
4491055
4491332
4492939
4497292
4501500
4504367
4504507
4504869
4506636
4508093
4513406
4513800
4514997
4517928
4521587
4525583
4525728
4525770
4527996
4530260
4534157
4535707
4537760
4539496
4543448
4543615
4546350
4546907
4547379
4549055
4553931
4554046
4556892
4558272
4558783
4559862
4562562
4562809
4562881
4564594
4569139
4570492
4570523
4571240
4571540
4574528
4578207
4581911
4584843
4586209
4589525
4592375
4592964
4596461
4597136
4600670
4601056
4601090
4604246
4605902
4606659
4607792
4609700
4610640
4612515
4613835
4614913
4617570
4621633
4623412
4626074
4626308
4629432
4633249
4634561
4635000
4635314
4637904
4638225
4639177
4640374
4645137
4648487
4649052
4650746
4651691
4654266
4656303
4659329
4660955
4665142
4668964
4670465
4670569
4671297
4676109
4676567
4677333
4680869
4683716
4686787
4688993
4689266
4689626
4694318
4699128
4700603
4702063
4703356
4704725
4705557
4709559
4710114
4710256
4711921
4713395
4715211
4718023
4718726
4720890
4721684
4722101
4723958
4724153
4725077
4726327
4731744
4732328
4733853
4734541
4735277
4738006
4738877
4741222
4746018
4747607
4749713
4753080
4753954
4754191
4756234
4758417
4762087
4762657
4763863
4765763
4766463
4768785
4770739
4775751
4778509
4779622
4781106
4783590
4784303
4787168
4791818
4793818
4795232
4795737
4799710
4801068
4801765
4805765
4807131
4807948
4809502
4813982
4816755
4820008
4824719
4827553
4831428
4831463
4832095
4833915
4836299
4839021
4839254
4840313
4840947
4841398
4844046
4844175
4845025
4848099
4848479
4848703
4852885
4854625
4857388
4857576
4860454
4861046
4861253
4866116
4867527
4870461
4871867
4873730
4875451
4880495
4882827
4886755
4887720
4888900
4890158
4891143
4891950
4894652
4898729
4898950
4902653
4903245
4904795
4905140
4909390
4910756
4914541
4918386
4920441
4920486
4923171
4925083
4926331
4930186
4932144
4934131
4934944
4935443
4938289
4938703
4942724
4943550
4944584
4946670
4947191
4950482
4952437
4952821
4953569
4954611
4956405
4961935
4964295
4964568
4966982
4969031
4971778
4974595
4975585
4977893
4979786
4983093
4984407
4985952
4988238
4988540
4991040
4993274
4994984
4999662
5001851
5005728
5007566
5010938
5011454
5012273
5014981
5018702
5023264
5024282
5026506
5027868
5030086
5030482
5034653
5036428
5036587
5039700
5042658
5046421
5049251
5052392
5053233
5053340
5054714
5059255
5063137
5067210
5067817
5070217
5071951
5073056
5073943
5074544
5075922
5078349
5079209
5080147
5080292
5082751
5083295
5085003
5085607
5087058
5087412
5087880
5091846
5095087
5096394
5097317
5098525
5098615
5098854
5103371
5103726
5106999
5109486
5110556
5115629
5119062
5123953
5125148
5125185
5125625
5126372
5128277
5129709
5129929
5129997
5132159
5135001
5137166
5142491
5147373
5148714
5149829
5150290
5155039
5156008
5158334
5163348
5166264
5168293
5169290
5169441
5172283
5175008
5178304
5179706
5180528
5182339
5185657
5188355
5189083
5190459
5194233
5196944
5197525
5197599
5198283
5201923
5202792
5203046
5203719
5207918
5211632
5212606
5213725
5214583
5216936
5218208
5221722
5224752
5226265
5227746
5231960
5232601
5232867
5234334
5236503
5237421
5240307
5240990
5241579
5244315
5246658
5247024
5247474
5248272
5249467
5252066
5253582
5254411
5259228
5260483
5261242
5262245
5263455
5267229
5268900
5269884
5270223
5270622
5270653
5271058
5272141
5272284
5274777
5277303
5280002
5280716
5281051
5281489
5282122
5283732
5284028
5284343
5285050
5286240
5288488
5292191
5294900
5298237
5300276
5300846
5305488
5308301
5309959
5311360
5311817
5313680
5317188
5318060
5318116
5318667
5319331
5321380
5325418
5329252
5332739
5336729
5338074
5339954
5343224
5344546
5344575
5346442
5347100
5350089
5350594
5351088
5351432
5351636
5354994
5355308
5355437
5355586
5356478
5358392
5359628
5362881
5367279
5370320
5370722
5371216
5371963
5376174
5377857
5380607
5381633
5381911
5382314
5382694
5385101
5385620
5386070
5388614
5392073
5395656
5396356
5399342
5401823
5403781
5404292
5405790
5406582
5408881
5411401
5415280
5416184
5418946
5423970
5426008
5429438
5431169
5433243
5435408
5437668
5437984
5439069
5442562
5446311
5446518
5446675
5451058
5455710
5458321
5460638
5460682
5461053
5465153
5467503
5467705
5468144
5471499
5471821
5472719
5476848
5478600
5479264
5480668
5480862
5482605
5482911
5485637
5488589
5490018
5490275
5491306
5494170
5495109
5496577
5498075
5498589
5501641
5506315
5510810
5511063
5511313
5512502
5513641
5515856
5518238
5519969
5520075
5522906
5523745
5524527
5527361
5529753
5532820
5535476
5540115
5542049
5544132
5544367
5547283
5549193
5549664
5549722
5552120
5553729
5555239
5556083
5557667
5558107
5558949
5559263
5560994
5565964
5568989
5569393
5570778
5570962
5574018
5576708
5576851
5580355
5582895
5585518
5585690
5589035
5593955
5596746
5598685
5600248
5603697
5604676
5605619
5607005
5609596
5612468
5613003
5614148
5614190
5614473
5618494
5619477
5623683
5627050
5629364
5631612
5634597
5636858
5639287
5643940
5646615
5648971
5650706
5651435
5654985
5657380
5659454
5660680
5661202
5661982
5665654
5669116
5670636
5671198
5671354
